variable,value,path_1,path_2,path_3,path_4,json_name,row_path,col_path_1,col_path_1_LIST,col_path_2,col_path_2_LIST,col_path_3,col_path_3_LIST,col_path_4,col_path_4_LIST,col_path_5,col_path_5_LIST,col_path_6,col_path_6_LIST,col_path_7,col_path_7_LIST,col_path_8,col_path_8_LIST,data_type
personal_information/facebook_accounts_center/your_account_password_information.json,"{'media': 'array', 'label_values': [{'label': 'string', 'timestamp_value': 'number'}], 'fbid': 'string'}",personal_information,facebook_accounts_center,Missing,Missing,your_account_password_information.json,media,Missing,NO LIST,Missing,MISSING,Missing,MISSING,Missing,MISSING,Missing,MISSING,Missing,MISSING,Missing,MISSING,Missing,MISSING,array
personal_information/facebook_accounts_center/your_account_password_information.json,"{'media': 'array', 'label_values': [{'label': 'string', 'timestamp_value': 'number'}], 'fbid': 'string'}",personal_information,facebook_accounts_center,Missing,Missing,your_account_password_information.json,label_values,label,LIST,Missing,NO LIST,Missing,MISSING,Missing,MISSING,Missing,MISSING,Missing,MISSING,Missing,MISSING,Missing,MISSING,string
personal_information/facebook_accounts_center/your_account_password_information.json,"{'media': 'array', 'label_values': [{'label': 'string', 'timestamp_value': 'number'}], 'fbid': 'string'}",personal_information,facebook_accounts_center,Missing,Missing,your_account_password_information.json,label_values,timestamp_value,LIST,Missing,NO LIST,Missing,MISSING,Missing,MISSING,Missing,MISSING,Missing,MISSING,Missing,MISSING,Missing,MISSING,number
personal_information/facebook_accounts_center/your_account_password_information.json,"{'media': 'array', 'label_values': [{'label': 'string', 'timestamp_value': 'number'}], 'fbid': 'string'}",personal_information,facebook_accounts_center,Missing,Missing,your_account_password_information.json,fbid,Missing,NO LIST,Missing,MISSING,Missing,MISSING,Missing,MISSING,Missing,MISSING,Missing,MISSING,Missing,MISSING,Missing,MISSING,string
personal_information/other_personal_information/notifications_about_new_users_joining_facebook.json,"{'media': 'array', 'label_values': [{'label': 'string', 'value': 'string'}], 'fbid': 'string'}",personal_information,other_personal_information,Missing,Missing,notifications_about_new_users_joining_facebook.json,media,Missing,NO LIST,Missing,MISSING,Missing,MISSING,Missing,MISSING,Missing,MISSING,Missing,MISSING,Missing,MISSING,Missing,MISSING,array
personal_information/other_personal_information/notifications_about_new_users_joining_facebook.json,"{'media': 'array', 'label_values': [{'label': 'string', 'value': 'string'}], 'fbid': 'string'}",personal_information,other_personal_information,Missing,Missing,notifications_about_new_users_joining_facebook.json,label_values,label,LIST,Missing,NO LIST,Missing,MISSING,Missing,MISSING,Missing,MISSING,Missing,MISSING,Missing,MISSING,Missing,MISSING,string
personal_information/other_personal_information/notifications_about_new_users_joining_facebook.json,"{'media': 'array', 'label_values': [{'label': 'string', 'value': 'string'}], 'fbid': 'string'}",personal_information,other_personal_information,Missing,Missing,notifications_about_new_users_joining_facebook.json,label_values,value,LIST,Missing,NO LIST,Missing,MISSING,Missing,MISSING,Missing,MISSING,Missing,MISSING,Missing,MISSING,Missing,MISSING,string
personal_information/other_personal_information/notifications_about_new_users_joining_facebook.json,"{'media': 'array', 'label_values': [{'label': 'string', 'value': 'string'}], 'fbid': 'string'}",personal_information,other_personal_information,Missing,Missing,notifications_about_new_users_joining_facebook.json,fbid,Missing,NO LIST,Missing,MISSING,Missing,MISSING,Missing,MISSING,Missing,MISSING,Missing,MISSING,Missing,MISSING,Missing,MISSING,string
personal_information/other_personal_information/your_media_permissions.json,"{'media': 'array', 'label_values': [{'label': 'string', 'value': 'string'}], 'fbid': 'string'}",personal_information,other_personal_information,Missing,Missing,your_media_permissions.json,media,Missing,NO LIST,Missing,MISSING,Missing,MISSING,Missing,MISSING,Missing,MISSING,Missing,MISSING,Missing,MISSING,Missing,MISSING,array
personal_information/other_personal_information/your_media_permissions.json,"{'media': 'array', 'label_values': [{'label': 'string', 'value': 'string'}], 'fbid': 'string'}",personal_information,other_personal_information,Missing,Missing,your_media_permissions.json,label_values,label,LIST,Missing,NO LIST,Missing,MISSING,Missing,MISSING,Missing,MISSING,Missing,MISSING,Missing,MISSING,Missing,MISSING,string
personal_information/other_personal_information/your_media_permissions.json,"{'media': 'array', 'label_values': [{'label': 'string', 'value': 'string'}], 'fbid': 'string'}",personal_information,other_personal_information,Missing,Missing,your_media_permissions.json,label_values,value,LIST,Missing,NO LIST,Missing,MISSING,Missing,MISSING,Missing,MISSING,Missing,MISSING,Missing,MISSING,Missing,MISSING,string
personal_information/other_personal_information/your_media_permissions.json,"{'media': 'array', 'label_values': [{'label': 'string', 'value': 'string'}], 'fbid': 'string'}",personal_information,other_personal_information,Missing,Missing,your_media_permissions.json,fbid,Missing,NO LIST,Missing,MISSING,Missing,MISSING,Missing,MISSING,Missing,MISSING,Missing,MISSING,Missing,MISSING,Missing,MISSING,string
personal_information/other_personal_information/emails_we_sent_you.json,"{'title': 'string', 'timestamp': 'number', 'media': 'array', 'label_values': [{'label': 'string', 'value': 'string'}], 'fbid': 'string'}",personal_information,other_personal_information,Missing,Missing,emails_we_sent_you.json,title,Missing,NO LIST,Missing,MISSING,Missing,MISSING,Missing,MISSING,Missing,MISSING,Missing,MISSING,Missing,MISSING,Missing,MISSING,string
personal_information/other_personal_information/emails_we_sent_you.json,"{'title': 'string', 'timestamp': 'number', 'media': 'array', 'label_values': [{'label': 'string', 'value': 'string'}], 'fbid': 'string'}",personal_information,other_personal_information,Missing,Missing,emails_we_sent_you.json,timestamp,Missing,NO LIST,Missing,MISSING,Missing,MISSING,Missing,MISSING,Missing,MISSING,Missing,MISSING,Missing,MISSING,Missing,MISSING,number
personal_information/other_personal_information/emails_we_sent_you.json,"{'title': 'string', 'timestamp': 'number', 'media': 'array', 'label_values': [{'label': 'string', 'value': 'string'}], 'fbid': 'string'}",personal_information,other_personal_information,Missing,Missing,emails_we_sent_you.json,media,Missing,NO LIST,Missing,MISSING,Missing,MISSING,Missing,MISSING,Missing,MISSING,Missing,MISSING,Missing,MISSING,Missing,MISSING,array
personal_information/other_personal_information/emails_we_sent_you.json,"{'title': 'string', 'timestamp': 'number', 'media': 'array', 'label_values': [{'label': 'string', 'value': 'string'}], 'fbid': 'string'}",personal_information,other_personal_information,Missing,Missing,emails_we_sent_you.json,label_values,label,LIST,Missing,NO LIST,Missing,MISSING,Missing,MISSING,Missing,MISSING,Missing,MISSING,Missing,MISSING,Missing,MISSING,string
personal_information/other_personal_information/emails_we_sent_you.json,"{'title': 'string', 'timestamp': 'number', 'media': 'array', 'label_values': [{'label': 'string', 'value': 'string'}], 'fbid': 'string'}",personal_information,other_personal_information,Missing,Missing,emails_we_sent_you.json,label_values,value,LIST,Missing,NO LIST,Missing,MISSING,Missing,MISSING,Missing,MISSING,Missing,MISSING,Missing,MISSING,Missing,MISSING,string
personal_information/other_personal_information/emails_we_sent_you.json,"{'title': 'string', 'timestamp': 'number', 'media': 'array', 'label_values': [{'label': 'string', 'value': 'string'}], 'fbid': 'string'}",personal_information,other_personal_information,Missing,Missing,emails_we_sent_you.json,fbid,Missing,NO LIST,Missing,MISSING,Missing,MISSING,Missing,MISSING,Missing,MISSING,Missing,MISSING,Missing,MISSING,Missing,MISSING,string
personal_information/profile_information/contacts_sync_settings.json,"{'media': 'array', 'label_values': [{'label': 'string', 'value': 'string'}], 'fbid': 'string'}",personal_information,profile_information,Missing,Missing,contacts_sync_settings.json,media,Missing,NO LIST,Missing,MISSING,Missing,MISSING,Missing,MISSING,Missing,MISSING,Missing,MISSING,Missing,MISSING,Missing,MISSING,array
personal_information/profile_information/contacts_sync_settings.json,"{'media': 'array', 'label_values': [{'label': 'string', 'value': 'string'}], 'fbid': 'string'}",personal_information,profile_information,Missing,Missing,contacts_sync_settings.json,label_values,label,LIST,Missing,NO LIST,Missing,MISSING,Missing,MISSING,Missing,MISSING,Missing,MISSING,Missing,MISSING,Missing,MISSING,string
personal_information/profile_information/contacts_sync_settings.json,"{'media': 'array', 'label_values': [{'label': 'string', 'value': 'string'}], 'fbid': 'string'}",personal_information,profile_information,Missing,Missing,contacts_sync_settings.json,label_values,value,LIST,Missing,NO LIST,Missing,MISSING,Missing,MISSING,Missing,MISSING,Missing,MISSING,Missing,MISSING,Missing,MISSING,string
personal_information/profile_information/contacts_sync_settings.json,"{'media': 'array', 'label_values': [{'label': 'string', 'value': 'string'}], 'fbid': 'string'}",personal_information,profile_information,Missing,Missing,contacts_sync_settings.json,fbid,Missing,NO LIST,Missing,MISSING,Missing,MISSING,Missing,MISSING,Missing,MISSING,Missing,MISSING,Missing,MISSING,Missing,MISSING,string
personal_information/profile_information/contacts_uploaded_before_2021.json,"{'media': 'array', 'label_values': [{'label': 'string', 'vec': [{'dict': [{'label': 'string', 'value': 'string'}]}]}], 'fbid': 'string'}",personal_information,profile_information,Missing,Missing,contacts_uploaded_before_2021.json,media,Missing,NO LIST,Missing,MISSING,Missing,MISSING,Missing,MISSING,Missing,MISSING,Missing,MISSING,Missing,MISSING,Missing,MISSING,array
personal_information/profile_information/contacts_uploaded_before_2021.json,"{'media': 'array', 'label_values': [{'label': 'string', 'vec': [{'dict': [{'label': 'string', 'value': 'string'}]}]}], 'fbid': 'string'}",personal_information,profile_information,Missing,Missing,contacts_uploaded_before_2021.json,label_values,label,LIST,Missing,NO LIST,Missing,MISSING,Missing,MISSING,Missing,MISSING,Missing,MISSING,Missing,MISSING,Missing,MISSING,string
personal_information/profile_information/contacts_uploaded_before_2021.json,"{'media': 'array', 'label_values': [{'label': 'string', 'vec': [{'dict': [{'label': 'string', 'value': 'string'}]}]}], 'fbid': 'string'}",personal_information,profile_information,Missing,Missing,contacts_uploaded_before_2021.json,label_values,vec,LIST,Missing,LIST,label,LIST,Missing,NO LIST,Missing,MISSING,Missing,MISSING,Missing,MISSING,Missing,MISSING,string
personal_information/profile_information/contacts_uploaded_before_2021.json,"{'media': 'array', 'label_values': [{'label': 'string', 'vec': [{'dict': [{'label': 'string', 'value': 'string'}]}]}], 'fbid': 'string'}",personal_information,profile_information,Missing,Missing,contacts_uploaded_before_2021.json,label_values,vec,LIST,Missing,LIST,value,LIST,Missing,NO LIST,Missing,MISSING,Missing,MISSING,Missing,MISSING,Missing,MISSING,string
personal_information/profile_information/contacts_uploaded_before_2021.json,"{'media': 'array', 'label_values': [{'label': 'string', 'vec': [{'dict': [{'label': 'string', 'value': 'string'}]}]}], 'fbid': 'string'}",personal_information,profile_information,Missing,Missing,contacts_uploaded_before_2021.json,fbid,Missing,NO LIST,Missing,MISSING,Missing,MISSING,Missing,MISSING,Missing,MISSING,Missing,MISSING,Missing,MISSING,Missing,MISSING,string
personal_information/profile_information/predicted_languages.json,"{'timestamp': 'number', 'media': 'array', 'label_values': [{'label': 'string', 'value': 'string'}], 'fbid': 'string'}",personal_information,profile_information,Missing,Missing,predicted_languages.json,timestamp,Missing,NO LIST,Missing,MISSING,Missing,MISSING,Missing,MISSING,Missing,MISSING,Missing,MISSING,Missing,MISSING,Missing,MISSING,number
personal_information/profile_information/predicted_languages.json,"{'timestamp': 'number', 'media': 'array', 'label_values': [{'label': 'string', 'value': 'string'}], 'fbid': 'string'}",personal_information,profile_information,Missing,Missing,predicted_languages.json,media,Missing,NO LIST,Missing,MISSING,Missing,MISSING,Missing,MISSING,Missing,MISSING,Missing,MISSING,Missing,MISSING,Missing,MISSING,array
personal_information/profile_information/predicted_languages.json,"{'timestamp': 'number', 'media': 'array', 'label_values': [{'label': 'string', 'value': 'string'}], 'fbid': 'string'}",personal_information,profile_information,Missing,Missing,predicted_languages.json,label_values,label,LIST,Missing,NO LIST,Missing,MISSING,Missing,MISSING,Missing,MISSING,Missing,MISSING,Missing,MISSING,Missing,MISSING,string
personal_information/profile_information/predicted_languages.json,"{'timestamp': 'number', 'media': 'array', 'label_values': [{'label': 'string', 'value': 'string'}], 'fbid': 'string'}",personal_information,profile_information,Missing,Missing,predicted_languages.json,label_values,value,LIST,Missing,NO LIST,Missing,MISSING,Missing,MISSING,Missing,MISSING,Missing,MISSING,Missing,MISSING,Missing,MISSING,string
personal_information/profile_information/predicted_languages.json,"{'timestamp': 'number', 'media': 'array', 'label_values': [{'label': 'string', 'value': 'string'}], 'fbid': 'string'}",personal_information,profile_information,Missing,Missing,predicted_languages.json,fbid,Missing,NO LIST,Missing,MISSING,Missing,MISSING,Missing,MISSING,Missing,MISSING,Missing,MISSING,Missing,MISSING,Missing,MISSING,string
personal_information/profile_information/the_ways_we_can_send_you_notifications.json,"{'media': 'array', 'label_values': [{'label': 'string', 'value': 'string'}], 'fbid': 'string'}",personal_information,profile_information,Missing,Missing,the_ways_we_can_send_you_notifications.json,media,Missing,NO LIST,Missing,MISSING,Missing,MISSING,Missing,MISSING,Missing,MISSING,Missing,MISSING,Missing,MISSING,Missing,MISSING,array
personal_information/profile_information/the_ways_we_can_send_you_notifications.json,"{'media': 'array', 'label_values': [{'label': 'string', 'value': 'string'}], 'fbid': 'string'}",personal_information,profile_information,Missing,Missing,the_ways_we_can_send_you_notifications.json,label_values,label,LIST,Missing,NO LIST,Missing,MISSING,Missing,MISSING,Missing,MISSING,Missing,MISSING,Missing,MISSING,Missing,MISSING,string
personal_information/profile_information/the_ways_we_can_send_you_notifications.json,"{'media': 'array', 'label_values': [{'label': 'string', 'value': 'string'}], 'fbid': 'string'}",personal_information,profile_information,Missing,Missing,the_ways_we_can_send_you_notifications.json,label_values,value,LIST,Missing,NO LIST,Missing,MISSING,Missing,MISSING,Missing,MISSING,Missing,MISSING,Missing,MISSING,Missing,MISSING,string
personal_information/profile_information/the_ways_we_can_send_you_notifications.json,"{'media': 'array', 'label_values': [{'label': 'string', 'value': 'string'}], 'fbid': 'string'}",personal_information,profile_information,Missing,Missing,the_ways_we_can_send_you_notifications.json,fbid,Missing,NO LIST,Missing,MISSING,Missing,MISSING,Missing,MISSING,Missing,MISSING,Missing,MISSING,Missing,MISSING,Missing,MISSING,string
personal_information/profile_information/your_devices.json,"{'media': 'array', 'label_values': [{'label': 'string', 'value': 'string'}], 'fbid': 'string'}",personal_information,profile_information,Missing,Missing,your_devices.json,media,Missing,NO LIST,Missing,MISSING,Missing,MISSING,Missing,MISSING,Missing,MISSING,Missing,MISSING,Missing,MISSING,Missing,MISSING,array
personal_information/profile_information/your_devices.json,"{'media': 'array', 'label_values': [{'label': 'string', 'value': 'string'}], 'fbid': 'string'}",personal_information,profile_information,Missing,Missing,your_devices.json,label_values,label,LIST,Missing,NO LIST,Missing,MISSING,Missing,MISSING,Missing,MISSING,Missing,MISSING,Missing,MISSING,Missing,MISSING,string
personal_information/profile_information/your_devices.json,"{'media': 'array', 'label_values': [{'label': 'string', 'value': 'string'}], 'fbid': 'string'}",personal_information,profile_information,Missing,Missing,your_devices.json,label_values,value,LIST,Missing,NO LIST,Missing,MISSING,Missing,MISSING,Missing,MISSING,Missing,MISSING,Missing,MISSING,Missing,MISSING,string
personal_information/profile_information/your_devices.json,"{'media': 'array', 'label_values': [{'label': 'string', 'value': 'string'}], 'fbid': 'string'}",personal_information,profile_information,Missing,Missing,your_devices.json,fbid,Missing,NO LIST,Missing,MISSING,Missing,MISSING,Missing,MISSING,Missing,MISSING,Missing,MISSING,Missing,MISSING,Missing,MISSING,string
personal_information/profile_information/profile_update_history.json,"{'profile_updates_v2': [{'timestamp': 'number', 'attachments': [{'data': [{'media': {'uri': 'string', 'creation_timestamp': 'number', 'media_metadata': {'photo_metadata': {'exif_data': [{'upload_ip': 'string'}]}}, 'title': 'string'}}]}], 'title': 'string'}]}",personal_information,profile_information,Missing,Missing,profile_update_history.json,profile_updates_v2,timestamp,LIST,Missing,NO LIST,Missing,MISSING,Missing,MISSING,Missing,MISSING,Missing,MISSING,Missing,MISSING,Missing,MISSING,number
personal_information/profile_information/profile_update_history.json,"{'profile_updates_v2': [{'timestamp': 'number', 'attachments': [{'data': [{'media': {'uri': 'string', 'creation_timestamp': 'number', 'media_metadata': {'photo_metadata': {'exif_data': [{'upload_ip': 'string'}]}}, 'title': 'string'}}]}], 'title': 'string'}]}",personal_information,profile_information,Missing,Missing,profile_update_history.json,profile_updates_v2,attachments,LIST,data,LIST,media,LIST,uri,NO LIST,Missing,NO LIST,Missing,MISSING,Missing,MISSING,Missing,MISSING,string
personal_information/profile_information/profile_update_history.json,"{'profile_updates_v2': [{'timestamp': 'number', 'attachments': [{'data': [{'media': {'uri': 'string', 'creation_timestamp': 'number', 'media_metadata': {'photo_metadata': {'exif_data': [{'upload_ip': 'string'}]}}, 'title': 'string'}}]}], 'title': 'string'}]}",personal_information,profile_information,Missing,Missing,profile_update_history.json,profile_updates_v2,attachments,LIST,data,LIST,media,LIST,creation_timestamp,NO LIST,Missing,NO LIST,Missing,MISSING,Missing,MISSING,Missing,MISSING,number
personal_information/profile_information/profile_update_history.json,"{'profile_updates_v2': [{'timestamp': 'number', 'attachments': [{'data': [{'media': {'uri': 'string', 'creation_timestamp': 'number', 'media_metadata': {'photo_metadata': {'exif_data': [{'upload_ip': 'string'}]}}, 'title': 'string'}}]}], 'title': 'string'}]}",personal_information,profile_information,Missing,Missing,profile_update_history.json,profile_updates_v2,attachments,LIST,data,LIST,media,LIST,media_metadata,NO LIST,photo_metadata,NO LIST,exif_data,NO LIST,upload_ip,LIST,Missing,NO LIST,string
personal_information/profile_information/profile_update_history.json,"{'profile_updates_v2': [{'timestamp': 'number', 'attachments': [{'data': [{'media': {'uri': 'string', 'creation_timestamp': 'number', 'media_metadata': {'photo_metadata': {'exif_data': [{'upload_ip': 'string'}]}}, 'title': 'string'}}]}], 'title': 'string'}]}",personal_information,profile_information,Missing,Missing,profile_update_history.json,profile_updates_v2,attachments,LIST,data,LIST,media,LIST,title,NO LIST,Missing,NO LIST,Missing,MISSING,Missing,MISSING,Missing,MISSING,string
personal_information/profile_information/profile_update_history.json,"{'profile_updates_v2': [{'timestamp': 'number', 'attachments': [{'data': [{'media': {'uri': 'string', 'creation_timestamp': 'number', 'media_metadata': {'photo_metadata': {'exif_data': [{'upload_ip': 'string'}]}}, 'title': 'string'}}]}], 'title': 'string'}]}",personal_information,profile_information,Missing,Missing,profile_update_history.json,profile_updates_v2,title,LIST,Missing,NO LIST,Missing,MISSING,Missing,MISSING,Missing,MISSING,Missing,MISSING,Missing,MISSING,Missing,MISSING,string
personal_information/profile_information/profile_information.json,"{'profile_v2': {'name': {'full_name': 'string', 'first_name': 'string', 'middle_name': 'string', 'last_name': 'string'}, 'emails': {'emails': ['string'], 'previous_emails': ['string'], 'pending_emails': 'array', 'ad_account_emails': 'array'}, 'birthday': {'year': 'number', 'month': 'number', 'day': 'number'}, 'gender': {'gender_option': 'string', 'pronoun': 'string'}, 'previous_names': 'array', 'other_names': 'array', 'current_city': {'name': 'string', 'timestamp': 'number'}, 'family_members': [{'name': 'string', 'relation': 'string', 'timestamp': 'number'}], 'education_experiences': [{'name': 'string', 'start_timestamp': 'number', 'end_timestamp': 'number', 'graduated': 'boolean', 'concentrations': 'array', 'school_type': 'string', 'timestamp': 'number'}], 'work_experiences': 'array', 'languages': [{'name': 'string', 'timestamp': 'number'}], 'websites': [{'address': 'string'}], 'phone_numbers': [{'phone_type': 'string', 'phone_number': 'string', 'verified': 'boolean', 'creation_time': 'number'}], 'name_pronunciation': {'name': 'string', 'timestamp': 'number'}, 'registration_timestamp': 'number', 'profile_uri': 'string', 'intro_bio': {'name': 'string', 'timestamp': 'number'}}}",personal_information,profile_information,Missing,Missing,profile_information.json,profile_v2,name,NO LIST,full_name,NO LIST,Missing,NO LIST,Missing,MISSING,Missing,MISSING,Missing,MISSING,Missing,MISSING,Missing,MISSING,string
personal_information/profile_information/profile_information.json,"{'profile_v2': {'name': {'full_name': 'string', 'first_name': 'string', 'middle_name': 'string', 'last_name': 'string'}, 'emails': {'emails': ['string'], 'previous_emails': ['string'], 'pending_emails': 'array', 'ad_account_emails': 'array'}, 'birthday': {'year': 'number', 'month': 'number', 'day': 'number'}, 'gender': {'gender_option': 'string', 'pronoun': 'string'}, 'previous_names': 'array', 'other_names': 'array', 'current_city': {'name': 'string', 'timestamp': 'number'}, 'family_members': [{'name': 'string', 'relation': 'string', 'timestamp': 'number'}], 'education_experiences': [{'name': 'string', 'start_timestamp': 'number', 'end_timestamp': 'number', 'graduated': 'boolean', 'concentrations': 'array', 'school_type': 'string', 'timestamp': 'number'}], 'work_experiences': 'array', 'languages': [{'name': 'string', 'timestamp': 'number'}], 'websites': [{'address': 'string'}], 'phone_numbers': [{'phone_type': 'string', 'phone_number': 'string', 'verified': 'boolean', 'creation_time': 'number'}], 'name_pronunciation': {'name': 'string', 'timestamp': 'number'}, 'registration_timestamp': 'number', 'profile_uri': 'string', 'intro_bio': {'name': 'string', 'timestamp': 'number'}}}",personal_information,profile_information,Missing,Missing,profile_information.json,profile_v2,name,NO LIST,first_name,NO LIST,Missing,NO LIST,Missing,MISSING,Missing,MISSING,Missing,MISSING,Missing,MISSING,Missing,MISSING,string
personal_information/profile_information/profile_information.json,"{'profile_v2': {'name': {'full_name': 'string', 'first_name': 'string', 'middle_name': 'string', 'last_name': 'string'}, 'emails': {'emails': ['string'], 'previous_emails': ['string'], 'pending_emails': 'array', 'ad_account_emails': 'array'}, 'birthday': {'year': 'number', 'month': 'number', 'day': 'number'}, 'gender': {'gender_option': 'string', 'pronoun': 'string'}, 'previous_names': 'array', 'other_names': 'array', 'current_city': {'name': 'string', 'timestamp': 'number'}, 'family_members': [{'name': 'string', 'relation': 'string', 'timestamp': 'number'}], 'education_experiences': [{'name': 'string', 'start_timestamp': 'number', 'end_timestamp': 'number', 'graduated': 'boolean', 'concentrations': 'array', 'school_type': 'string', 'timestamp': 'number'}], 'work_experiences': 'array', 'languages': [{'name': 'string', 'timestamp': 'number'}], 'websites': [{'address': 'string'}], 'phone_numbers': [{'phone_type': 'string', 'phone_number': 'string', 'verified': 'boolean', 'creation_time': 'number'}], 'name_pronunciation': {'name': 'string', 'timestamp': 'number'}, 'registration_timestamp': 'number', 'profile_uri': 'string', 'intro_bio': {'name': 'string', 'timestamp': 'number'}}}",personal_information,profile_information,Missing,Missing,profile_information.json,profile_v2,name,NO LIST,middle_name,NO LIST,Missing,NO LIST,Missing,MISSING,Missing,MISSING,Missing,MISSING,Missing,MISSING,Missing,MISSING,string
personal_information/profile_information/profile_information.json,"{'profile_v2': {'name': {'full_name': 'string', 'first_name': 'string', 'middle_name': 'string', 'last_name': 'string'}, 'emails': {'emails': ['string'], 'previous_emails': ['string'], 'pending_emails': 'array', 'ad_account_emails': 'array'}, 'birthday': {'year': 'number', 'month': 'number', 'day': 'number'}, 'gender': {'gender_option': 'string', 'pronoun': 'string'}, 'previous_names': 'array', 'other_names': 'array', 'current_city': {'name': 'string', 'timestamp': 'number'}, 'family_members': [{'name': 'string', 'relation': 'string', 'timestamp': 'number'}], 'education_experiences': [{'name': 'string', 'start_timestamp': 'number', 'end_timestamp': 'number', 'graduated': 'boolean', 'concentrations': 'array', 'school_type': 'string', 'timestamp': 'number'}], 'work_experiences': 'array', 'languages': [{'name': 'string', 'timestamp': 'number'}], 'websites': [{'address': 'string'}], 'phone_numbers': [{'phone_type': 'string', 'phone_number': 'string', 'verified': 'boolean', 'creation_time': 'number'}], 'name_pronunciation': {'name': 'string', 'timestamp': 'number'}, 'registration_timestamp': 'number', 'profile_uri': 'string', 'intro_bio': {'name': 'string', 'timestamp': 'number'}}}",personal_information,profile_information,Missing,Missing,profile_information.json,profile_v2,name,NO LIST,last_name,NO LIST,Missing,NO LIST,Missing,MISSING,Missing,MISSING,Missing,MISSING,Missing,MISSING,Missing,MISSING,string
personal_information/profile_information/profile_information.json,"{'profile_v2': {'name': {'full_name': 'string', 'first_name': 'string', 'middle_name': 'string', 'last_name': 'string'}, 'emails': {'emails': ['string'], 'previous_emails': ['string'], 'pending_emails': 'array', 'ad_account_emails': 'array'}, 'birthday': {'year': 'number', 'month': 'number', 'day': 'number'}, 'gender': {'gender_option': 'string', 'pronoun': 'string'}, 'previous_names': 'array', 'other_names': 'array', 'current_city': {'name': 'string', 'timestamp': 'number'}, 'family_members': [{'name': 'string', 'relation': 'string', 'timestamp': 'number'}], 'education_experiences': [{'name': 'string', 'start_timestamp': 'number', 'end_timestamp': 'number', 'graduated': 'boolean', 'concentrations': 'array', 'school_type': 'string', 'timestamp': 'number'}], 'work_experiences': 'array', 'languages': [{'name': 'string', 'timestamp': 'number'}], 'websites': [{'address': 'string'}], 'phone_numbers': [{'phone_type': 'string', 'phone_number': 'string', 'verified': 'boolean', 'creation_time': 'number'}], 'name_pronunciation': {'name': 'string', 'timestamp': 'number'}, 'registration_timestamp': 'number', 'profile_uri': 'string', 'intro_bio': {'name': 'string', 'timestamp': 'number'}}}",personal_information,profile_information,Missing,Missing,profile_information.json,profile_v2,emails,NO LIST,emails,NO LIST,Missing,LIST,Missing,MISSING,Missing,MISSING,Missing,MISSING,Missing,MISSING,Missing,MISSING,string
personal_information/profile_information/profile_information.json,"{'profile_v2': {'name': {'full_name': 'string', 'first_name': 'string', 'middle_name': 'string', 'last_name': 'string'}, 'emails': {'emails': ['string'], 'previous_emails': ['string'], 'pending_emails': 'array', 'ad_account_emails': 'array'}, 'birthday': {'year': 'number', 'month': 'number', 'day': 'number'}, 'gender': {'gender_option': 'string', 'pronoun': 'string'}, 'previous_names': 'array', 'other_names': 'array', 'current_city': {'name': 'string', 'timestamp': 'number'}, 'family_members': [{'name': 'string', 'relation': 'string', 'timestamp': 'number'}], 'education_experiences': [{'name': 'string', 'start_timestamp': 'number', 'end_timestamp': 'number', 'graduated': 'boolean', 'concentrations': 'array', 'school_type': 'string', 'timestamp': 'number'}], 'work_experiences': 'array', 'languages': [{'name': 'string', 'timestamp': 'number'}], 'websites': [{'address': 'string'}], 'phone_numbers': [{'phone_type': 'string', 'phone_number': 'string', 'verified': 'boolean', 'creation_time': 'number'}], 'name_pronunciation': {'name': 'string', 'timestamp': 'number'}, 'registration_timestamp': 'number', 'profile_uri': 'string', 'intro_bio': {'name': 'string', 'timestamp': 'number'}}}",personal_information,profile_information,Missing,Missing,profile_information.json,profile_v2,emails,NO LIST,previous_emails,NO LIST,Missing,LIST,Missing,MISSING,Missing,MISSING,Missing,MISSING,Missing,MISSING,Missing,MISSING,string
personal_information/profile_information/profile_information.json,"{'profile_v2': {'name': {'full_name': 'string', 'first_name': 'string', 'middle_name': 'string', 'last_name': 'string'}, 'emails': {'emails': ['string'], 'previous_emails': ['string'], 'pending_emails': 'array', 'ad_account_emails': 'array'}, 'birthday': {'year': 'number', 'month': 'number', 'day': 'number'}, 'gender': {'gender_option': 'string', 'pronoun': 'string'}, 'previous_names': 'array', 'other_names': 'array', 'current_city': {'name': 'string', 'timestamp': 'number'}, 'family_members': [{'name': 'string', 'relation': 'string', 'timestamp': 'number'}], 'education_experiences': [{'name': 'string', 'start_timestamp': 'number', 'end_timestamp': 'number', 'graduated': 'boolean', 'concentrations': 'array', 'school_type': 'string', 'timestamp': 'number'}], 'work_experiences': 'array', 'languages': [{'name': 'string', 'timestamp': 'number'}], 'websites': [{'address': 'string'}], 'phone_numbers': [{'phone_type': 'string', 'phone_number': 'string', 'verified': 'boolean', 'creation_time': 'number'}], 'name_pronunciation': {'name': 'string', 'timestamp': 'number'}, 'registration_timestamp': 'number', 'profile_uri': 'string', 'intro_bio': {'name': 'string', 'timestamp': 'number'}}}",personal_information,profile_information,Missing,Missing,profile_information.json,profile_v2,emails,NO LIST,pending_emails,NO LIST,Missing,NO LIST,Missing,MISSING,Missing,MISSING,Missing,MISSING,Missing,MISSING,Missing,MISSING,array
personal_information/profile_information/profile_information.json,"{'profile_v2': {'name': {'full_name': 'string', 'first_name': 'string', 'middle_name': 'string', 'last_name': 'string'}, 'emails': {'emails': ['string'], 'previous_emails': ['string'], 'pending_emails': 'array', 'ad_account_emails': 'array'}, 'birthday': {'year': 'number', 'month': 'number', 'day': 'number'}, 'gender': {'gender_option': 'string', 'pronoun': 'string'}, 'previous_names': 'array', 'other_names': 'array', 'current_city': {'name': 'string', 'timestamp': 'number'}, 'family_members': [{'name': 'string', 'relation': 'string', 'timestamp': 'number'}], 'education_experiences': [{'name': 'string', 'start_timestamp': 'number', 'end_timestamp': 'number', 'graduated': 'boolean', 'concentrations': 'array', 'school_type': 'string', 'timestamp': 'number'}], 'work_experiences': 'array', 'languages': [{'name': 'string', 'timestamp': 'number'}], 'websites': [{'address': 'string'}], 'phone_numbers': [{'phone_type': 'string', 'phone_number': 'string', 'verified': 'boolean', 'creation_time': 'number'}], 'name_pronunciation': {'name': 'string', 'timestamp': 'number'}, 'registration_timestamp': 'number', 'profile_uri': 'string', 'intro_bio': {'name': 'string', 'timestamp': 'number'}}}",personal_information,profile_information,Missing,Missing,profile_information.json,profile_v2,emails,NO LIST,ad_account_emails,NO LIST,Missing,NO LIST,Missing,MISSING,Missing,MISSING,Missing,MISSING,Missing,MISSING,Missing,MISSING,array
personal_information/profile_information/profile_information.json,"{'profile_v2': {'name': {'full_name': 'string', 'first_name': 'string', 'middle_name': 'string', 'last_name': 'string'}, 'emails': {'emails': ['string'], 'previous_emails': ['string'], 'pending_emails': 'array', 'ad_account_emails': 'array'}, 'birthday': {'year': 'number', 'month': 'number', 'day': 'number'}, 'gender': {'gender_option': 'string', 'pronoun': 'string'}, 'previous_names': 'array', 'other_names': 'array', 'current_city': {'name': 'string', 'timestamp': 'number'}, 'family_members': [{'name': 'string', 'relation': 'string', 'timestamp': 'number'}], 'education_experiences': [{'name': 'string', 'start_timestamp': 'number', 'end_timestamp': 'number', 'graduated': 'boolean', 'concentrations': 'array', 'school_type': 'string', 'timestamp': 'number'}], 'work_experiences': 'array', 'languages': [{'name': 'string', 'timestamp': 'number'}], 'websites': [{'address': 'string'}], 'phone_numbers': [{'phone_type': 'string', 'phone_number': 'string', 'verified': 'boolean', 'creation_time': 'number'}], 'name_pronunciation': {'name': 'string', 'timestamp': 'number'}, 'registration_timestamp': 'number', 'profile_uri': 'string', 'intro_bio': {'name': 'string', 'timestamp': 'number'}}}",personal_information,profile_information,Missing,Missing,profile_information.json,profile_v2,birthday,NO LIST,year,NO LIST,Missing,NO LIST,Missing,MISSING,Missing,MISSING,Missing,MISSING,Missing,MISSING,Missing,MISSING,number
personal_information/profile_information/profile_information.json,"{'profile_v2': {'name': {'full_name': 'string', 'first_name': 'string', 'middle_name': 'string', 'last_name': 'string'}, 'emails': {'emails': ['string'], 'previous_emails': ['string'], 'pending_emails': 'array', 'ad_account_emails': 'array'}, 'birthday': {'year': 'number', 'month': 'number', 'day': 'number'}, 'gender': {'gender_option': 'string', 'pronoun': 'string'}, 'previous_names': 'array', 'other_names': 'array', 'current_city': {'name': 'string', 'timestamp': 'number'}, 'family_members': [{'name': 'string', 'relation': 'string', 'timestamp': 'number'}], 'education_experiences': [{'name': 'string', 'start_timestamp': 'number', 'end_timestamp': 'number', 'graduated': 'boolean', 'concentrations': 'array', 'school_type': 'string', 'timestamp': 'number'}], 'work_experiences': 'array', 'languages': [{'name': 'string', 'timestamp': 'number'}], 'websites': [{'address': 'string'}], 'phone_numbers': [{'phone_type': 'string', 'phone_number': 'string', 'verified': 'boolean', 'creation_time': 'number'}], 'name_pronunciation': {'name': 'string', 'timestamp': 'number'}, 'registration_timestamp': 'number', 'profile_uri': 'string', 'intro_bio': {'name': 'string', 'timestamp': 'number'}}}",personal_information,profile_information,Missing,Missing,profile_information.json,profile_v2,birthday,NO LIST,month,NO LIST,Missing,NO LIST,Missing,MISSING,Missing,MISSING,Missing,MISSING,Missing,MISSING,Missing,MISSING,number
personal_information/profile_information/profile_information.json,"{'profile_v2': {'name': {'full_name': 'string', 'first_name': 'string', 'middle_name': 'string', 'last_name': 'string'}, 'emails': {'emails': ['string'], 'previous_emails': ['string'], 'pending_emails': 'array', 'ad_account_emails': 'array'}, 'birthday': {'year': 'number', 'month': 'number', 'day': 'number'}, 'gender': {'gender_option': 'string', 'pronoun': 'string'}, 'previous_names': 'array', 'other_names': 'array', 'current_city': {'name': 'string', 'timestamp': 'number'}, 'family_members': [{'name': 'string', 'relation': 'string', 'timestamp': 'number'}], 'education_experiences': [{'name': 'string', 'start_timestamp': 'number', 'end_timestamp': 'number', 'graduated': 'boolean', 'concentrations': 'array', 'school_type': 'string', 'timestamp': 'number'}], 'work_experiences': 'array', 'languages': [{'name': 'string', 'timestamp': 'number'}], 'websites': [{'address': 'string'}], 'phone_numbers': [{'phone_type': 'string', 'phone_number': 'string', 'verified': 'boolean', 'creation_time': 'number'}], 'name_pronunciation': {'name': 'string', 'timestamp': 'number'}, 'registration_timestamp': 'number', 'profile_uri': 'string', 'intro_bio': {'name': 'string', 'timestamp': 'number'}}}",personal_information,profile_information,Missing,Missing,profile_information.json,profile_v2,birthday,NO LIST,day,NO LIST,Missing,NO LIST,Missing,MISSING,Missing,MISSING,Missing,MISSING,Missing,MISSING,Missing,MISSING,number
personal_information/profile_information/profile_information.json,"{'profile_v2': {'name': {'full_name': 'string', 'first_name': 'string', 'middle_name': 'string', 'last_name': 'string'}, 'emails': {'emails': ['string'], 'previous_emails': ['string'], 'pending_emails': 'array', 'ad_account_emails': 'array'}, 'birthday': {'year': 'number', 'month': 'number', 'day': 'number'}, 'gender': {'gender_option': 'string', 'pronoun': 'string'}, 'previous_names': 'array', 'other_names': 'array', 'current_city': {'name': 'string', 'timestamp': 'number'}, 'family_members': [{'name': 'string', 'relation': 'string', 'timestamp': 'number'}], 'education_experiences': [{'name': 'string', 'start_timestamp': 'number', 'end_timestamp': 'number', 'graduated': 'boolean', 'concentrations': 'array', 'school_type': 'string', 'timestamp': 'number'}], 'work_experiences': 'array', 'languages': [{'name': 'string', 'timestamp': 'number'}], 'websites': [{'address': 'string'}], 'phone_numbers': [{'phone_type': 'string', 'phone_number': 'string', 'verified': 'boolean', 'creation_time': 'number'}], 'name_pronunciation': {'name': 'string', 'timestamp': 'number'}, 'registration_timestamp': 'number', 'profile_uri': 'string', 'intro_bio': {'name': 'string', 'timestamp': 'number'}}}",personal_information,profile_information,Missing,Missing,profile_information.json,profile_v2,gender,NO LIST,gender_option,NO LIST,Missing,NO LIST,Missing,MISSING,Missing,MISSING,Missing,MISSING,Missing,MISSING,Missing,MISSING,string
personal_information/profile_information/profile_information.json,"{'profile_v2': {'name': {'full_name': 'string', 'first_name': 'string', 'middle_name': 'string', 'last_name': 'string'}, 'emails': {'emails': ['string'], 'previous_emails': ['string'], 'pending_emails': 'array', 'ad_account_emails': 'array'}, 'birthday': {'year': 'number', 'month': 'number', 'day': 'number'}, 'gender': {'gender_option': 'string', 'pronoun': 'string'}, 'previous_names': 'array', 'other_names': 'array', 'current_city': {'name': 'string', 'timestamp': 'number'}, 'family_members': [{'name': 'string', 'relation': 'string', 'timestamp': 'number'}], 'education_experiences': [{'name': 'string', 'start_timestamp': 'number', 'end_timestamp': 'number', 'graduated': 'boolean', 'concentrations': 'array', 'school_type': 'string', 'timestamp': 'number'}], 'work_experiences': 'array', 'languages': [{'name': 'string', 'timestamp': 'number'}], 'websites': [{'address': 'string'}], 'phone_numbers': [{'phone_type': 'string', 'phone_number': 'string', 'verified': 'boolean', 'creation_time': 'number'}], 'name_pronunciation': {'name': 'string', 'timestamp': 'number'}, 'registration_timestamp': 'number', 'profile_uri': 'string', 'intro_bio': {'name': 'string', 'timestamp': 'number'}}}",personal_information,profile_information,Missing,Missing,profile_information.json,profile_v2,gender,NO LIST,pronoun,NO LIST,Missing,NO LIST,Missing,MISSING,Missing,MISSING,Missing,MISSING,Missing,MISSING,Missing,MISSING,string
personal_information/profile_information/profile_information.json,"{'profile_v2': {'name': {'full_name': 'string', 'first_name': 'string', 'middle_name': 'string', 'last_name': 'string'}, 'emails': {'emails': ['string'], 'previous_emails': ['string'], 'pending_emails': 'array', 'ad_account_emails': 'array'}, 'birthday': {'year': 'number', 'month': 'number', 'day': 'number'}, 'gender': {'gender_option': 'string', 'pronoun': 'string'}, 'previous_names': 'array', 'other_names': 'array', 'current_city': {'name': 'string', 'timestamp': 'number'}, 'family_members': [{'name': 'string', 'relation': 'string', 'timestamp': 'number'}], 'education_experiences': [{'name': 'string', 'start_timestamp': 'number', 'end_timestamp': 'number', 'graduated': 'boolean', 'concentrations': 'array', 'school_type': 'string', 'timestamp': 'number'}], 'work_experiences': 'array', 'languages': [{'name': 'string', 'timestamp': 'number'}], 'websites': [{'address': 'string'}], 'phone_numbers': [{'phone_type': 'string', 'phone_number': 'string', 'verified': 'boolean', 'creation_time': 'number'}], 'name_pronunciation': {'name': 'string', 'timestamp': 'number'}, 'registration_timestamp': 'number', 'profile_uri': 'string', 'intro_bio': {'name': 'string', 'timestamp': 'number'}}}",personal_information,profile_information,Missing,Missing,profile_information.json,profile_v2,previous_names,NO LIST,Missing,NO LIST,Missing,MISSING,Missing,MISSING,Missing,MISSING,Missing,MISSING,Missing,MISSING,Missing,MISSING,array
personal_information/profile_information/profile_information.json,"{'profile_v2': {'name': {'full_name': 'string', 'first_name': 'string', 'middle_name': 'string', 'last_name': 'string'}, 'emails': {'emails': ['string'], 'previous_emails': ['string'], 'pending_emails': 'array', 'ad_account_emails': 'array'}, 'birthday': {'year': 'number', 'month': 'number', 'day': 'number'}, 'gender': {'gender_option': 'string', 'pronoun': 'string'}, 'previous_names': 'array', 'other_names': 'array', 'current_city': {'name': 'string', 'timestamp': 'number'}, 'family_members': [{'name': 'string', 'relation': 'string', 'timestamp': 'number'}], 'education_experiences': [{'name': 'string', 'start_timestamp': 'number', 'end_timestamp': 'number', 'graduated': 'boolean', 'concentrations': 'array', 'school_type': 'string', 'timestamp': 'number'}], 'work_experiences': 'array', 'languages': [{'name': 'string', 'timestamp': 'number'}], 'websites': [{'address': 'string'}], 'phone_numbers': [{'phone_type': 'string', 'phone_number': 'string', 'verified': 'boolean', 'creation_time': 'number'}], 'name_pronunciation': {'name': 'string', 'timestamp': 'number'}, 'registration_timestamp': 'number', 'profile_uri': 'string', 'intro_bio': {'name': 'string', 'timestamp': 'number'}}}",personal_information,profile_information,Missing,Missing,profile_information.json,profile_v2,other_names,NO LIST,Missing,NO LIST,Missing,MISSING,Missing,MISSING,Missing,MISSING,Missing,MISSING,Missing,MISSING,Missing,MISSING,array
personal_information/profile_information/profile_information.json,"{'profile_v2': {'name': {'full_name': 'string', 'first_name': 'string', 'middle_name': 'string', 'last_name': 'string'}, 'emails': {'emails': ['string'], 'previous_emails': ['string'], 'pending_emails': 'array', 'ad_account_emails': 'array'}, 'birthday': {'year': 'number', 'month': 'number', 'day': 'number'}, 'gender': {'gender_option': 'string', 'pronoun': 'string'}, 'previous_names': 'array', 'other_names': 'array', 'current_city': {'name': 'string', 'timestamp': 'number'}, 'family_members': [{'name': 'string', 'relation': 'string', 'timestamp': 'number'}], 'education_experiences': [{'name': 'string', 'start_timestamp': 'number', 'end_timestamp': 'number', 'graduated': 'boolean', 'concentrations': 'array', 'school_type': 'string', 'timestamp': 'number'}], 'work_experiences': 'array', 'languages': [{'name': 'string', 'timestamp': 'number'}], 'websites': [{'address': 'string'}], 'phone_numbers': [{'phone_type': 'string', 'phone_number': 'string', 'verified': 'boolean', 'creation_time': 'number'}], 'name_pronunciation': {'name': 'string', 'timestamp': 'number'}, 'registration_timestamp': 'number', 'profile_uri': 'string', 'intro_bio': {'name': 'string', 'timestamp': 'number'}}}",personal_information,profile_information,Missing,Missing,profile_information.json,profile_v2,current_city,NO LIST,name,NO LIST,Missing,NO LIST,Missing,MISSING,Missing,MISSING,Missing,MISSING,Missing,MISSING,Missing,MISSING,string
personal_information/profile_information/profile_information.json,"{'profile_v2': {'name': {'full_name': 'string', 'first_name': 'string', 'middle_name': 'string', 'last_name': 'string'}, 'emails': {'emails': ['string'], 'previous_emails': ['string'], 'pending_emails': 'array', 'ad_account_emails': 'array'}, 'birthday': {'year': 'number', 'month': 'number', 'day': 'number'}, 'gender': {'gender_option': 'string', 'pronoun': 'string'}, 'previous_names': 'array', 'other_names': 'array', 'current_city': {'name': 'string', 'timestamp': 'number'}, 'family_members': [{'name': 'string', 'relation': 'string', 'timestamp': 'number'}], 'education_experiences': [{'name': 'string', 'start_timestamp': 'number', 'end_timestamp': 'number', 'graduated': 'boolean', 'concentrations': 'array', 'school_type': 'string', 'timestamp': 'number'}], 'work_experiences': 'array', 'languages': [{'name': 'string', 'timestamp': 'number'}], 'websites': [{'address': 'string'}], 'phone_numbers': [{'phone_type': 'string', 'phone_number': 'string', 'verified': 'boolean', 'creation_time': 'number'}], 'name_pronunciation': {'name': 'string', 'timestamp': 'number'}, 'registration_timestamp': 'number', 'profile_uri': 'string', 'intro_bio': {'name': 'string', 'timestamp': 'number'}}}",personal_information,profile_information,Missing,Missing,profile_information.json,profile_v2,current_city,NO LIST,timestamp,NO LIST,Missing,NO LIST,Missing,MISSING,Missing,MISSING,Missing,MISSING,Missing,MISSING,Missing,MISSING,number
personal_information/profile_information/profile_information.json,"{'profile_v2': {'name': {'full_name': 'string', 'first_name': 'string', 'middle_name': 'string', 'last_name': 'string'}, 'emails': {'emails': ['string'], 'previous_emails': ['string'], 'pending_emails': 'array', 'ad_account_emails': 'array'}, 'birthday': {'year': 'number', 'month': 'number', 'day': 'number'}, 'gender': {'gender_option': 'string', 'pronoun': 'string'}, 'previous_names': 'array', 'other_names': 'array', 'current_city': {'name': 'string', 'timestamp': 'number'}, 'family_members': [{'name': 'string', 'relation': 'string', 'timestamp': 'number'}], 'education_experiences': [{'name': 'string', 'start_timestamp': 'number', 'end_timestamp': 'number', 'graduated': 'boolean', 'concentrations': 'array', 'school_type': 'string', 'timestamp': 'number'}], 'work_experiences': 'array', 'languages': [{'name': 'string', 'timestamp': 'number'}], 'websites': [{'address': 'string'}], 'phone_numbers': [{'phone_type': 'string', 'phone_number': 'string', 'verified': 'boolean', 'creation_time': 'number'}], 'name_pronunciation': {'name': 'string', 'timestamp': 'number'}, 'registration_timestamp': 'number', 'profile_uri': 'string', 'intro_bio': {'name': 'string', 'timestamp': 'number'}}}",personal_information,profile_information,Missing,Missing,profile_information.json,profile_v2,family_members,NO LIST,name,LIST,Missing,NO LIST,Missing,MISSING,Missing,MISSING,Missing,MISSING,Missing,MISSING,Missing,MISSING,string
personal_information/profile_information/profile_information.json,"{'profile_v2': {'name': {'full_name': 'string', 'first_name': 'string', 'middle_name': 'string', 'last_name': 'string'}, 'emails': {'emails': ['string'], 'previous_emails': ['string'], 'pending_emails': 'array', 'ad_account_emails': 'array'}, 'birthday': {'year': 'number', 'month': 'number', 'day': 'number'}, 'gender': {'gender_option': 'string', 'pronoun': 'string'}, 'previous_names': 'array', 'other_names': 'array', 'current_city': {'name': 'string', 'timestamp': 'number'}, 'family_members': [{'name': 'string', 'relation': 'string', 'timestamp': 'number'}], 'education_experiences': [{'name': 'string', 'start_timestamp': 'number', 'end_timestamp': 'number', 'graduated': 'boolean', 'concentrations': 'array', 'school_type': 'string', 'timestamp': 'number'}], 'work_experiences': 'array', 'languages': [{'name': 'string', 'timestamp': 'number'}], 'websites': [{'address': 'string'}], 'phone_numbers': [{'phone_type': 'string', 'phone_number': 'string', 'verified': 'boolean', 'creation_time': 'number'}], 'name_pronunciation': {'name': 'string', 'timestamp': 'number'}, 'registration_timestamp': 'number', 'profile_uri': 'string', 'intro_bio': {'name': 'string', 'timestamp': 'number'}}}",personal_information,profile_information,Missing,Missing,profile_information.json,profile_v2,family_members,NO LIST,relation,LIST,Missing,NO LIST,Missing,MISSING,Missing,MISSING,Missing,MISSING,Missing,MISSING,Missing,MISSING,string
personal_information/profile_information/profile_information.json,"{'profile_v2': {'name': {'full_name': 'string', 'first_name': 'string', 'middle_name': 'string', 'last_name': 'string'}, 'emails': {'emails': ['string'], 'previous_emails': ['string'], 'pending_emails': 'array', 'ad_account_emails': 'array'}, 'birthday': {'year': 'number', 'month': 'number', 'day': 'number'}, 'gender': {'gender_option': 'string', 'pronoun': 'string'}, 'previous_names': 'array', 'other_names': 'array', 'current_city': {'name': 'string', 'timestamp': 'number'}, 'family_members': [{'name': 'string', 'relation': 'string', 'timestamp': 'number'}], 'education_experiences': [{'name': 'string', 'start_timestamp': 'number', 'end_timestamp': 'number', 'graduated': 'boolean', 'concentrations': 'array', 'school_type': 'string', 'timestamp': 'number'}], 'work_experiences': 'array', 'languages': [{'name': 'string', 'timestamp': 'number'}], 'websites': [{'address': 'string'}], 'phone_numbers': [{'phone_type': 'string', 'phone_number': 'string', 'verified': 'boolean', 'creation_time': 'number'}], 'name_pronunciation': {'name': 'string', 'timestamp': 'number'}, 'registration_timestamp': 'number', 'profile_uri': 'string', 'intro_bio': {'name': 'string', 'timestamp': 'number'}}}",personal_information,profile_information,Missing,Missing,profile_information.json,profile_v2,family_members,NO LIST,timestamp,LIST,Missing,NO LIST,Missing,MISSING,Missing,MISSING,Missing,MISSING,Missing,MISSING,Missing,MISSING,number
personal_information/profile_information/profile_information.json,"{'profile_v2': {'name': {'full_name': 'string', 'first_name': 'string', 'middle_name': 'string', 'last_name': 'string'}, 'emails': {'emails': ['string'], 'previous_emails': ['string'], 'pending_emails': 'array', 'ad_account_emails': 'array'}, 'birthday': {'year': 'number', 'month': 'number', 'day': 'number'}, 'gender': {'gender_option': 'string', 'pronoun': 'string'}, 'previous_names': 'array', 'other_names': 'array', 'current_city': {'name': 'string', 'timestamp': 'number'}, 'family_members': [{'name': 'string', 'relation': 'string', 'timestamp': 'number'}], 'education_experiences': [{'name': 'string', 'start_timestamp': 'number', 'end_timestamp': 'number', 'graduated': 'boolean', 'concentrations': 'array', 'school_type': 'string', 'timestamp': 'number'}], 'work_experiences': 'array', 'languages': [{'name': 'string', 'timestamp': 'number'}], 'websites': [{'address': 'string'}], 'phone_numbers': [{'phone_type': 'string', 'phone_number': 'string', 'verified': 'boolean', 'creation_time': 'number'}], 'name_pronunciation': {'name': 'string', 'timestamp': 'number'}, 'registration_timestamp': 'number', 'profile_uri': 'string', 'intro_bio': {'name': 'string', 'timestamp': 'number'}}}",personal_information,profile_information,Missing,Missing,profile_information.json,profile_v2,education_experiences,NO LIST,name,LIST,Missing,NO LIST,Missing,MISSING,Missing,MISSING,Missing,MISSING,Missing,MISSING,Missing,MISSING,string
personal_information/profile_information/profile_information.json,"{'profile_v2': {'name': {'full_name': 'string', 'first_name': 'string', 'middle_name': 'string', 'last_name': 'string'}, 'emails': {'emails': ['string'], 'previous_emails': ['string'], 'pending_emails': 'array', 'ad_account_emails': 'array'}, 'birthday': {'year': 'number', 'month': 'number', 'day': 'number'}, 'gender': {'gender_option': 'string', 'pronoun': 'string'}, 'previous_names': 'array', 'other_names': 'array', 'current_city': {'name': 'string', 'timestamp': 'number'}, 'family_members': [{'name': 'string', 'relation': 'string', 'timestamp': 'number'}], 'education_experiences': [{'name': 'string', 'start_timestamp': 'number', 'end_timestamp': 'number', 'graduated': 'boolean', 'concentrations': 'array', 'school_type': 'string', 'timestamp': 'number'}], 'work_experiences': 'array', 'languages': [{'name': 'string', 'timestamp': 'number'}], 'websites': [{'address': 'string'}], 'phone_numbers': [{'phone_type': 'string', 'phone_number': 'string', 'verified': 'boolean', 'creation_time': 'number'}], 'name_pronunciation': {'name': 'string', 'timestamp': 'number'}, 'registration_timestamp': 'number', 'profile_uri': 'string', 'intro_bio': {'name': 'string', 'timestamp': 'number'}}}",personal_information,profile_information,Missing,Missing,profile_information.json,profile_v2,education_experiences,NO LIST,start_timestamp,LIST,Missing,NO LIST,Missing,MISSING,Missing,MISSING,Missing,MISSING,Missing,MISSING,Missing,MISSING,number
personal_information/profile_information/profile_information.json,"{'profile_v2': {'name': {'full_name': 'string', 'first_name': 'string', 'middle_name': 'string', 'last_name': 'string'}, 'emails': {'emails': ['string'], 'previous_emails': ['string'], 'pending_emails': 'array', 'ad_account_emails': 'array'}, 'birthday': {'year': 'number', 'month': 'number', 'day': 'number'}, 'gender': {'gender_option': 'string', 'pronoun': 'string'}, 'previous_names': 'array', 'other_names': 'array', 'current_city': {'name': 'string', 'timestamp': 'number'}, 'family_members': [{'name': 'string', 'relation': 'string', 'timestamp': 'number'}], 'education_experiences': [{'name': 'string', 'start_timestamp': 'number', 'end_timestamp': 'number', 'graduated': 'boolean', 'concentrations': 'array', 'school_type': 'string', 'timestamp': 'number'}], 'work_experiences': 'array', 'languages': [{'name': 'string', 'timestamp': 'number'}], 'websites': [{'address': 'string'}], 'phone_numbers': [{'phone_type': 'string', 'phone_number': 'string', 'verified': 'boolean', 'creation_time': 'number'}], 'name_pronunciation': {'name': 'string', 'timestamp': 'number'}, 'registration_timestamp': 'number', 'profile_uri': 'string', 'intro_bio': {'name': 'string', 'timestamp': 'number'}}}",personal_information,profile_information,Missing,Missing,profile_information.json,profile_v2,education_experiences,NO LIST,end_timestamp,LIST,Missing,NO LIST,Missing,MISSING,Missing,MISSING,Missing,MISSING,Missing,MISSING,Missing,MISSING,number
personal_information/profile_information/profile_information.json,"{'profile_v2': {'name': {'full_name': 'string', 'first_name': 'string', 'middle_name': 'string', 'last_name': 'string'}, 'emails': {'emails': ['string'], 'previous_emails': ['string'], 'pending_emails': 'array', 'ad_account_emails': 'array'}, 'birthday': {'year': 'number', 'month': 'number', 'day': 'number'}, 'gender': {'gender_option': 'string', 'pronoun': 'string'}, 'previous_names': 'array', 'other_names': 'array', 'current_city': {'name': 'string', 'timestamp': 'number'}, 'family_members': [{'name': 'string', 'relation': 'string', 'timestamp': 'number'}], 'education_experiences': [{'name': 'string', 'start_timestamp': 'number', 'end_timestamp': 'number', 'graduated': 'boolean', 'concentrations': 'array', 'school_type': 'string', 'timestamp': 'number'}], 'work_experiences': 'array', 'languages': [{'name': 'string', 'timestamp': 'number'}], 'websites': [{'address': 'string'}], 'phone_numbers': [{'phone_type': 'string', 'phone_number': 'string', 'verified': 'boolean', 'creation_time': 'number'}], 'name_pronunciation': {'name': 'string', 'timestamp': 'number'}, 'registration_timestamp': 'number', 'profile_uri': 'string', 'intro_bio': {'name': 'string', 'timestamp': 'number'}}}",personal_information,profile_information,Missing,Missing,profile_information.json,profile_v2,education_experiences,NO LIST,graduated,LIST,Missing,NO LIST,Missing,MISSING,Missing,MISSING,Missing,MISSING,Missing,MISSING,Missing,MISSING,boolean
personal_information/profile_information/profile_information.json,"{'profile_v2': {'name': {'full_name': 'string', 'first_name': 'string', 'middle_name': 'string', 'last_name': 'string'}, 'emails': {'emails': ['string'], 'previous_emails': ['string'], 'pending_emails': 'array', 'ad_account_emails': 'array'}, 'birthday': {'year': 'number', 'month': 'number', 'day': 'number'}, 'gender': {'gender_option': 'string', 'pronoun': 'string'}, 'previous_names': 'array', 'other_names': 'array', 'current_city': {'name': 'string', 'timestamp': 'number'}, 'family_members': [{'name': 'string', 'relation': 'string', 'timestamp': 'number'}], 'education_experiences': [{'name': 'string', 'start_timestamp': 'number', 'end_timestamp': 'number', 'graduated': 'boolean', 'concentrations': 'array', 'school_type': 'string', 'timestamp': 'number'}], 'work_experiences': 'array', 'languages': [{'name': 'string', 'timestamp': 'number'}], 'websites': [{'address': 'string'}], 'phone_numbers': [{'phone_type': 'string', 'phone_number': 'string', 'verified': 'boolean', 'creation_time': 'number'}], 'name_pronunciation': {'name': 'string', 'timestamp': 'number'}, 'registration_timestamp': 'number', 'profile_uri': 'string', 'intro_bio': {'name': 'string', 'timestamp': 'number'}}}",personal_information,profile_information,Missing,Missing,profile_information.json,profile_v2,education_experiences,NO LIST,concentrations,LIST,Missing,NO LIST,Missing,MISSING,Missing,MISSING,Missing,MISSING,Missing,MISSING,Missing,MISSING,array
personal_information/profile_information/profile_information.json,"{'profile_v2': {'name': {'full_name': 'string', 'first_name': 'string', 'middle_name': 'string', 'last_name': 'string'}, 'emails': {'emails': ['string'], 'previous_emails': ['string'], 'pending_emails': 'array', 'ad_account_emails': 'array'}, 'birthday': {'year': 'number', 'month': 'number', 'day': 'number'}, 'gender': {'gender_option': 'string', 'pronoun': 'string'}, 'previous_names': 'array', 'other_names': 'array', 'current_city': {'name': 'string', 'timestamp': 'number'}, 'family_members': [{'name': 'string', 'relation': 'string', 'timestamp': 'number'}], 'education_experiences': [{'name': 'string', 'start_timestamp': 'number', 'end_timestamp': 'number', 'graduated': 'boolean', 'concentrations': 'array', 'school_type': 'string', 'timestamp': 'number'}], 'work_experiences': 'array', 'languages': [{'name': 'string', 'timestamp': 'number'}], 'websites': [{'address': 'string'}], 'phone_numbers': [{'phone_type': 'string', 'phone_number': 'string', 'verified': 'boolean', 'creation_time': 'number'}], 'name_pronunciation': {'name': 'string', 'timestamp': 'number'}, 'registration_timestamp': 'number', 'profile_uri': 'string', 'intro_bio': {'name': 'string', 'timestamp': 'number'}}}",personal_information,profile_information,Missing,Missing,profile_information.json,profile_v2,education_experiences,NO LIST,school_type,LIST,Missing,NO LIST,Missing,MISSING,Missing,MISSING,Missing,MISSING,Missing,MISSING,Missing,MISSING,string
personal_information/profile_information/profile_information.json,"{'profile_v2': {'name': {'full_name': 'string', 'first_name': 'string', 'middle_name': 'string', 'last_name': 'string'}, 'emails': {'emails': ['string'], 'previous_emails': ['string'], 'pending_emails': 'array', 'ad_account_emails': 'array'}, 'birthday': {'year': 'number', 'month': 'number', 'day': 'number'}, 'gender': {'gender_option': 'string', 'pronoun': 'string'}, 'previous_names': 'array', 'other_names': 'array', 'current_city': {'name': 'string', 'timestamp': 'number'}, 'family_members': [{'name': 'string', 'relation': 'string', 'timestamp': 'number'}], 'education_experiences': [{'name': 'string', 'start_timestamp': 'number', 'end_timestamp': 'number', 'graduated': 'boolean', 'concentrations': 'array', 'school_type': 'string', 'timestamp': 'number'}], 'work_experiences': 'array', 'languages': [{'name': 'string', 'timestamp': 'number'}], 'websites': [{'address': 'string'}], 'phone_numbers': [{'phone_type': 'string', 'phone_number': 'string', 'verified': 'boolean', 'creation_time': 'number'}], 'name_pronunciation': {'name': 'string', 'timestamp': 'number'}, 'registration_timestamp': 'number', 'profile_uri': 'string', 'intro_bio': {'name': 'string', 'timestamp': 'number'}}}",personal_information,profile_information,Missing,Missing,profile_information.json,profile_v2,education_experiences,NO LIST,timestamp,LIST,Missing,NO LIST,Missing,MISSING,Missing,MISSING,Missing,MISSING,Missing,MISSING,Missing,MISSING,number
personal_information/profile_information/profile_information.json,"{'profile_v2': {'name': {'full_name': 'string', 'first_name': 'string', 'middle_name': 'string', 'last_name': 'string'}, 'emails': {'emails': ['string'], 'previous_emails': ['string'], 'pending_emails': 'array', 'ad_account_emails': 'array'}, 'birthday': {'year': 'number', 'month': 'number', 'day': 'number'}, 'gender': {'gender_option': 'string', 'pronoun': 'string'}, 'previous_names': 'array', 'other_names': 'array', 'current_city': {'name': 'string', 'timestamp': 'number'}, 'family_members': [{'name': 'string', 'relation': 'string', 'timestamp': 'number'}], 'education_experiences': [{'name': 'string', 'start_timestamp': 'number', 'end_timestamp': 'number', 'graduated': 'boolean', 'concentrations': 'array', 'school_type': 'string', 'timestamp': 'number'}], 'work_experiences': 'array', 'languages': [{'name': 'string', 'timestamp': 'number'}], 'websites': [{'address': 'string'}], 'phone_numbers': [{'phone_type': 'string', 'phone_number': 'string', 'verified': 'boolean', 'creation_time': 'number'}], 'name_pronunciation': {'name': 'string', 'timestamp': 'number'}, 'registration_timestamp': 'number', 'profile_uri': 'string', 'intro_bio': {'name': 'string', 'timestamp': 'number'}}}",personal_information,profile_information,Missing,Missing,profile_information.json,profile_v2,work_experiences,NO LIST,Missing,NO LIST,Missing,MISSING,Missing,MISSING,Missing,MISSING,Missing,MISSING,Missing,MISSING,Missing,MISSING,array
personal_information/profile_information/profile_information.json,"{'profile_v2': {'name': {'full_name': 'string', 'first_name': 'string', 'middle_name': 'string', 'last_name': 'string'}, 'emails': {'emails': ['string'], 'previous_emails': ['string'], 'pending_emails': 'array', 'ad_account_emails': 'array'}, 'birthday': {'year': 'number', 'month': 'number', 'day': 'number'}, 'gender': {'gender_option': 'string', 'pronoun': 'string'}, 'previous_names': 'array', 'other_names': 'array', 'current_city': {'name': 'string', 'timestamp': 'number'}, 'family_members': [{'name': 'string', 'relation': 'string', 'timestamp': 'number'}], 'education_experiences': [{'name': 'string', 'start_timestamp': 'number', 'end_timestamp': 'number', 'graduated': 'boolean', 'concentrations': 'array', 'school_type': 'string', 'timestamp': 'number'}], 'work_experiences': 'array', 'languages': [{'name': 'string', 'timestamp': 'number'}], 'websites': [{'address': 'string'}], 'phone_numbers': [{'phone_type': 'string', 'phone_number': 'string', 'verified': 'boolean', 'creation_time': 'number'}], 'name_pronunciation': {'name': 'string', 'timestamp': 'number'}, 'registration_timestamp': 'number', 'profile_uri': 'string', 'intro_bio': {'name': 'string', 'timestamp': 'number'}}}",personal_information,profile_information,Missing,Missing,profile_information.json,profile_v2,languages,NO LIST,name,LIST,Missing,NO LIST,Missing,MISSING,Missing,MISSING,Missing,MISSING,Missing,MISSING,Missing,MISSING,string
personal_information/profile_information/profile_information.json,"{'profile_v2': {'name': {'full_name': 'string', 'first_name': 'string', 'middle_name': 'string', 'last_name': 'string'}, 'emails': {'emails': ['string'], 'previous_emails': ['string'], 'pending_emails': 'array', 'ad_account_emails': 'array'}, 'birthday': {'year': 'number', 'month': 'number', 'day': 'number'}, 'gender': {'gender_option': 'string', 'pronoun': 'string'}, 'previous_names': 'array', 'other_names': 'array', 'current_city': {'name': 'string', 'timestamp': 'number'}, 'family_members': [{'name': 'string', 'relation': 'string', 'timestamp': 'number'}], 'education_experiences': [{'name': 'string', 'start_timestamp': 'number', 'end_timestamp': 'number', 'graduated': 'boolean', 'concentrations': 'array', 'school_type': 'string', 'timestamp': 'number'}], 'work_experiences': 'array', 'languages': [{'name': 'string', 'timestamp': 'number'}], 'websites': [{'address': 'string'}], 'phone_numbers': [{'phone_type': 'string', 'phone_number': 'string', 'verified': 'boolean', 'creation_time': 'number'}], 'name_pronunciation': {'name': 'string', 'timestamp': 'number'}, 'registration_timestamp': 'number', 'profile_uri': 'string', 'intro_bio': {'name': 'string', 'timestamp': 'number'}}}",personal_information,profile_information,Missing,Missing,profile_information.json,profile_v2,languages,NO LIST,timestamp,LIST,Missing,NO LIST,Missing,MISSING,Missing,MISSING,Missing,MISSING,Missing,MISSING,Missing,MISSING,number
personal_information/profile_information/profile_information.json,"{'profile_v2': {'name': {'full_name': 'string', 'first_name': 'string', 'middle_name': 'string', 'last_name': 'string'}, 'emails': {'emails': ['string'], 'previous_emails': ['string'], 'pending_emails': 'array', 'ad_account_emails': 'array'}, 'birthday': {'year': 'number', 'month': 'number', 'day': 'number'}, 'gender': {'gender_option': 'string', 'pronoun': 'string'}, 'previous_names': 'array', 'other_names': 'array', 'current_city': {'name': 'string', 'timestamp': 'number'}, 'family_members': [{'name': 'string', 'relation': 'string', 'timestamp': 'number'}], 'education_experiences': [{'name': 'string', 'start_timestamp': 'number', 'end_timestamp': 'number', 'graduated': 'boolean', 'concentrations': 'array', 'school_type': 'string', 'timestamp': 'number'}], 'work_experiences': 'array', 'languages': [{'name': 'string', 'timestamp': 'number'}], 'websites': [{'address': 'string'}], 'phone_numbers': [{'phone_type': 'string', 'phone_number': 'string', 'verified': 'boolean', 'creation_time': 'number'}], 'name_pronunciation': {'name': 'string', 'timestamp': 'number'}, 'registration_timestamp': 'number', 'profile_uri': 'string', 'intro_bio': {'name': 'string', 'timestamp': 'number'}}}",personal_information,profile_information,Missing,Missing,profile_information.json,profile_v2,websites,NO LIST,address,LIST,Missing,NO LIST,Missing,MISSING,Missing,MISSING,Missing,MISSING,Missing,MISSING,Missing,MISSING,string
personal_information/profile_information/profile_information.json,"{'profile_v2': {'name': {'full_name': 'string', 'first_name': 'string', 'middle_name': 'string', 'last_name': 'string'}, 'emails': {'emails': ['string'], 'previous_emails': ['string'], 'pending_emails': 'array', 'ad_account_emails': 'array'}, 'birthday': {'year': 'number', 'month': 'number', 'day': 'number'}, 'gender': {'gender_option': 'string', 'pronoun': 'string'}, 'previous_names': 'array', 'other_names': 'array', 'current_city': {'name': 'string', 'timestamp': 'number'}, 'family_members': [{'name': 'string', 'relation': 'string', 'timestamp': 'number'}], 'education_experiences': [{'name': 'string', 'start_timestamp': 'number', 'end_timestamp': 'number', 'graduated': 'boolean', 'concentrations': 'array', 'school_type': 'string', 'timestamp': 'number'}], 'work_experiences': 'array', 'languages': [{'name': 'string', 'timestamp': 'number'}], 'websites': [{'address': 'string'}], 'phone_numbers': [{'phone_type': 'string', 'phone_number': 'string', 'verified': 'boolean', 'creation_time': 'number'}], 'name_pronunciation': {'name': 'string', 'timestamp': 'number'}, 'registration_timestamp': 'number', 'profile_uri': 'string', 'intro_bio': {'name': 'string', 'timestamp': 'number'}}}",personal_information,profile_information,Missing,Missing,profile_information.json,profile_v2,phone_numbers,NO LIST,phone_type,LIST,Missing,NO LIST,Missing,MISSING,Missing,MISSING,Missing,MISSING,Missing,MISSING,Missing,MISSING,string
personal_information/profile_information/profile_information.json,"{'profile_v2': {'name': {'full_name': 'string', 'first_name': 'string', 'middle_name': 'string', 'last_name': 'string'}, 'emails': {'emails': ['string'], 'previous_emails': ['string'], 'pending_emails': 'array', 'ad_account_emails': 'array'}, 'birthday': {'year': 'number', 'month': 'number', 'day': 'number'}, 'gender': {'gender_option': 'string', 'pronoun': 'string'}, 'previous_names': 'array', 'other_names': 'array', 'current_city': {'name': 'string', 'timestamp': 'number'}, 'family_members': [{'name': 'string', 'relation': 'string', 'timestamp': 'number'}], 'education_experiences': [{'name': 'string', 'start_timestamp': 'number', 'end_timestamp': 'number', 'graduated': 'boolean', 'concentrations': 'array', 'school_type': 'string', 'timestamp': 'number'}], 'work_experiences': 'array', 'languages': [{'name': 'string', 'timestamp': 'number'}], 'websites': [{'address': 'string'}], 'phone_numbers': [{'phone_type': 'string', 'phone_number': 'string', 'verified': 'boolean', 'creation_time': 'number'}], 'name_pronunciation': {'name': 'string', 'timestamp': 'number'}, 'registration_timestamp': 'number', 'profile_uri': 'string', 'intro_bio': {'name': 'string', 'timestamp': 'number'}}}",personal_information,profile_information,Missing,Missing,profile_information.json,profile_v2,phone_numbers,NO LIST,phone_number,LIST,Missing,NO LIST,Missing,MISSING,Missing,MISSING,Missing,MISSING,Missing,MISSING,Missing,MISSING,string
personal_information/profile_information/profile_information.json,"{'profile_v2': {'name': {'full_name': 'string', 'first_name': 'string', 'middle_name': 'string', 'last_name': 'string'}, 'emails': {'emails': ['string'], 'previous_emails': ['string'], 'pending_emails': 'array', 'ad_account_emails': 'array'}, 'birthday': {'year': 'number', 'month': 'number', 'day': 'number'}, 'gender': {'gender_option': 'string', 'pronoun': 'string'}, 'previous_names': 'array', 'other_names': 'array', 'current_city': {'name': 'string', 'timestamp': 'number'}, 'family_members': [{'name': 'string', 'relation': 'string', 'timestamp': 'number'}], 'education_experiences': [{'name': 'string', 'start_timestamp': 'number', 'end_timestamp': 'number', 'graduated': 'boolean', 'concentrations': 'array', 'school_type': 'string', 'timestamp': 'number'}], 'work_experiences': 'array', 'languages': [{'name': 'string', 'timestamp': 'number'}], 'websites': [{'address': 'string'}], 'phone_numbers': [{'phone_type': 'string', 'phone_number': 'string', 'verified': 'boolean', 'creation_time': 'number'}], 'name_pronunciation': {'name': 'string', 'timestamp': 'number'}, 'registration_timestamp': 'number', 'profile_uri': 'string', 'intro_bio': {'name': 'string', 'timestamp': 'number'}}}",personal_information,profile_information,Missing,Missing,profile_information.json,profile_v2,phone_numbers,NO LIST,verified,LIST,Missing,NO LIST,Missing,MISSING,Missing,MISSING,Missing,MISSING,Missing,MISSING,Missing,MISSING,boolean
personal_information/profile_information/profile_information.json,"{'profile_v2': {'name': {'full_name': 'string', 'first_name': 'string', 'middle_name': 'string', 'last_name': 'string'}, 'emails': {'emails': ['string'], 'previous_emails': ['string'], 'pending_emails': 'array', 'ad_account_emails': 'array'}, 'birthday': {'year': 'number', 'month': 'number', 'day': 'number'}, 'gender': {'gender_option': 'string', 'pronoun': 'string'}, 'previous_names': 'array', 'other_names': 'array', 'current_city': {'name': 'string', 'timestamp': 'number'}, 'family_members': [{'name': 'string', 'relation': 'string', 'timestamp': 'number'}], 'education_experiences': [{'name': 'string', 'start_timestamp': 'number', 'end_timestamp': 'number', 'graduated': 'boolean', 'concentrations': 'array', 'school_type': 'string', 'timestamp': 'number'}], 'work_experiences': 'array', 'languages': [{'name': 'string', 'timestamp': 'number'}], 'websites': [{'address': 'string'}], 'phone_numbers': [{'phone_type': 'string', 'phone_number': 'string', 'verified': 'boolean', 'creation_time': 'number'}], 'name_pronunciation': {'name': 'string', 'timestamp': 'number'}, 'registration_timestamp': 'number', 'profile_uri': 'string', 'intro_bio': {'name': 'string', 'timestamp': 'number'}}}",personal_information,profile_information,Missing,Missing,profile_information.json,profile_v2,phone_numbers,NO LIST,creation_time,LIST,Missing,NO LIST,Missing,MISSING,Missing,MISSING,Missing,MISSING,Missing,MISSING,Missing,MISSING,number
personal_information/profile_information/profile_information.json,"{'profile_v2': {'name': {'full_name': 'string', 'first_name': 'string', 'middle_name': 'string', 'last_name': 'string'}, 'emails': {'emails': ['string'], 'previous_emails': ['string'], 'pending_emails': 'array', 'ad_account_emails': 'array'}, 'birthday': {'year': 'number', 'month': 'number', 'day': 'number'}, 'gender': {'gender_option': 'string', 'pronoun': 'string'}, 'previous_names': 'array', 'other_names': 'array', 'current_city': {'name': 'string', 'timestamp': 'number'}, 'family_members': [{'name': 'string', 'relation': 'string', 'timestamp': 'number'}], 'education_experiences': [{'name': 'string', 'start_timestamp': 'number', 'end_timestamp': 'number', 'graduated': 'boolean', 'concentrations': 'array', 'school_type': 'string', 'timestamp': 'number'}], 'work_experiences': 'array', 'languages': [{'name': 'string', 'timestamp': 'number'}], 'websites': [{'address': 'string'}], 'phone_numbers': [{'phone_type': 'string', 'phone_number': 'string', 'verified': 'boolean', 'creation_time': 'number'}], 'name_pronunciation': {'name': 'string', 'timestamp': 'number'}, 'registration_timestamp': 'number', 'profile_uri': 'string', 'intro_bio': {'name': 'string', 'timestamp': 'number'}}}",personal_information,profile_information,Missing,Missing,profile_information.json,profile_v2,name_pronunciation,NO LIST,name,NO LIST,Missing,NO LIST,Missing,MISSING,Missing,MISSING,Missing,MISSING,Missing,MISSING,Missing,MISSING,string
personal_information/profile_information/profile_information.json,"{'profile_v2': {'name': {'full_name': 'string', 'first_name': 'string', 'middle_name': 'string', 'last_name': 'string'}, 'emails': {'emails': ['string'], 'previous_emails': ['string'], 'pending_emails': 'array', 'ad_account_emails': 'array'}, 'birthday': {'year': 'number', 'month': 'number', 'day': 'number'}, 'gender': {'gender_option': 'string', 'pronoun': 'string'}, 'previous_names': 'array', 'other_names': 'array', 'current_city': {'name': 'string', 'timestamp': 'number'}, 'family_members': [{'name': 'string', 'relation': 'string', 'timestamp': 'number'}], 'education_experiences': [{'name': 'string', 'start_timestamp': 'number', 'end_timestamp': 'number', 'graduated': 'boolean', 'concentrations': 'array', 'school_type': 'string', 'timestamp': 'number'}], 'work_experiences': 'array', 'languages': [{'name': 'string', 'timestamp': 'number'}], 'websites': [{'address': 'string'}], 'phone_numbers': [{'phone_type': 'string', 'phone_number': 'string', 'verified': 'boolean', 'creation_time': 'number'}], 'name_pronunciation': {'name': 'string', 'timestamp': 'number'}, 'registration_timestamp': 'number', 'profile_uri': 'string', 'intro_bio': {'name': 'string', 'timestamp': 'number'}}}",personal_information,profile_information,Missing,Missing,profile_information.json,profile_v2,name_pronunciation,NO LIST,timestamp,NO LIST,Missing,NO LIST,Missing,MISSING,Missing,MISSING,Missing,MISSING,Missing,MISSING,Missing,MISSING,number
personal_information/profile_information/profile_information.json,"{'profile_v2': {'name': {'full_name': 'string', 'first_name': 'string', 'middle_name': 'string', 'last_name': 'string'}, 'emails': {'emails': ['string'], 'previous_emails': ['string'], 'pending_emails': 'array', 'ad_account_emails': 'array'}, 'birthday': {'year': 'number', 'month': 'number', 'day': 'number'}, 'gender': {'gender_option': 'string', 'pronoun': 'string'}, 'previous_names': 'array', 'other_names': 'array', 'current_city': {'name': 'string', 'timestamp': 'number'}, 'family_members': [{'name': 'string', 'relation': 'string', 'timestamp': 'number'}], 'education_experiences': [{'name': 'string', 'start_timestamp': 'number', 'end_timestamp': 'number', 'graduated': 'boolean', 'concentrations': 'array', 'school_type': 'string', 'timestamp': 'number'}], 'work_experiences': 'array', 'languages': [{'name': 'string', 'timestamp': 'number'}], 'websites': [{'address': 'string'}], 'phone_numbers': [{'phone_type': 'string', 'phone_number': 'string', 'verified': 'boolean', 'creation_time': 'number'}], 'name_pronunciation': {'name': 'string', 'timestamp': 'number'}, 'registration_timestamp': 'number', 'profile_uri': 'string', 'intro_bio': {'name': 'string', 'timestamp': 'number'}}}",personal_information,profile_information,Missing,Missing,profile_information.json,profile_v2,registration_timestamp,NO LIST,Missing,NO LIST,Missing,MISSING,Missing,MISSING,Missing,MISSING,Missing,MISSING,Missing,MISSING,Missing,MISSING,number
personal_information/profile_information/profile_information.json,"{'profile_v2': {'name': {'full_name': 'string', 'first_name': 'string', 'middle_name': 'string', 'last_name': 'string'}, 'emails': {'emails': ['string'], 'previous_emails': ['string'], 'pending_emails': 'array', 'ad_account_emails': 'array'}, 'birthday': {'year': 'number', 'month': 'number', 'day': 'number'}, 'gender': {'gender_option': 'string', 'pronoun': 'string'}, 'previous_names': 'array', 'other_names': 'array', 'current_city': {'name': 'string', 'timestamp': 'number'}, 'family_members': [{'name': 'string', 'relation': 'string', 'timestamp': 'number'}], 'education_experiences': [{'name': 'string', 'start_timestamp': 'number', 'end_timestamp': 'number', 'graduated': 'boolean', 'concentrations': 'array', 'school_type': 'string', 'timestamp': 'number'}], 'work_experiences': 'array', 'languages': [{'name': 'string', 'timestamp': 'number'}], 'websites': [{'address': 'string'}], 'phone_numbers': [{'phone_type': 'string', 'phone_number': 'string', 'verified': 'boolean', 'creation_time': 'number'}], 'name_pronunciation': {'name': 'string', 'timestamp': 'number'}, 'registration_timestamp': 'number', 'profile_uri': 'string', 'intro_bio': {'name': 'string', 'timestamp': 'number'}}}",personal_information,profile_information,Missing,Missing,profile_information.json,profile_v2,profile_uri,NO LIST,Missing,NO LIST,Missing,MISSING,Missing,MISSING,Missing,MISSING,Missing,MISSING,Missing,MISSING,Missing,MISSING,string
personal_information/profile_information/profile_information.json,"{'profile_v2': {'name': {'full_name': 'string', 'first_name': 'string', 'middle_name': 'string', 'last_name': 'string'}, 'emails': {'emails': ['string'], 'previous_emails': ['string'], 'pending_emails': 'array', 'ad_account_emails': 'array'}, 'birthday': {'year': 'number', 'month': 'number', 'day': 'number'}, 'gender': {'gender_option': 'string', 'pronoun': 'string'}, 'previous_names': 'array', 'other_names': 'array', 'current_city': {'name': 'string', 'timestamp': 'number'}, 'family_members': [{'name': 'string', 'relation': 'string', 'timestamp': 'number'}], 'education_experiences': [{'name': 'string', 'start_timestamp': 'number', 'end_timestamp': 'number', 'graduated': 'boolean', 'concentrations': 'array', 'school_type': 'string', 'timestamp': 'number'}], 'work_experiences': 'array', 'languages': [{'name': 'string', 'timestamp': 'number'}], 'websites': [{'address': 'string'}], 'phone_numbers': [{'phone_type': 'string', 'phone_number': 'string', 'verified': 'boolean', 'creation_time': 'number'}], 'name_pronunciation': {'name': 'string', 'timestamp': 'number'}, 'registration_timestamp': 'number', 'profile_uri': 'string', 'intro_bio': {'name': 'string', 'timestamp': 'number'}}}",personal_information,profile_information,Missing,Missing,profile_information.json,profile_v2,intro_bio,NO LIST,name,NO LIST,Missing,NO LIST,Missing,MISSING,Missing,MISSING,Missing,MISSING,Missing,MISSING,Missing,MISSING,string
personal_information/profile_information/profile_information.json,"{'profile_v2': {'name': {'full_name': 'string', 'first_name': 'string', 'middle_name': 'string', 'last_name': 'string'}, 'emails': {'emails': ['string'], 'previous_emails': ['string'], 'pending_emails': 'array', 'ad_account_emails': 'array'}, 'birthday': {'year': 'number', 'month': 'number', 'day': 'number'}, 'gender': {'gender_option': 'string', 'pronoun': 'string'}, 'previous_names': 'array', 'other_names': 'array', 'current_city': {'name': 'string', 'timestamp': 'number'}, 'family_members': [{'name': 'string', 'relation': 'string', 'timestamp': 'number'}], 'education_experiences': [{'name': 'string', 'start_timestamp': 'number', 'end_timestamp': 'number', 'graduated': 'boolean', 'concentrations': 'array', 'school_type': 'string', 'timestamp': 'number'}], 'work_experiences': 'array', 'languages': [{'name': 'string', 'timestamp': 'number'}], 'websites': [{'address': 'string'}], 'phone_numbers': [{'phone_type': 'string', 'phone_number': 'string', 'verified': 'boolean', 'creation_time': 'number'}], 'name_pronunciation': {'name': 'string', 'timestamp': 'number'}, 'registration_timestamp': 'number', 'profile_uri': 'string', 'intro_bio': {'name': 'string', 'timestamp': 'number'}}}",personal_information,profile_information,Missing,Missing,profile_information.json,profile_v2,intro_bio,NO LIST,timestamp,NO LIST,Missing,NO LIST,Missing,MISSING,Missing,MISSING,Missing,MISSING,Missing,MISSING,Missing,MISSING,number
personal_information/avatars_store/avatar_items.json,"{'avatar_marketplace_avatar_items': [{'item': 'string', 'type': 'string', 'acquisition_time': 'number'}]}",personal_information,avatars_store,Missing,Missing,avatar_items.json,avatar_marketplace_avatar_items,item,LIST,Missing,NO LIST,Missing,MISSING,Missing,MISSING,Missing,MISSING,Missing,MISSING,Missing,MISSING,Missing,MISSING,string
personal_information/avatars_store/avatar_items.json,"{'avatar_marketplace_avatar_items': [{'item': 'string', 'type': 'string', 'acquisition_time': 'number'}]}",personal_information,avatars_store,Missing,Missing,avatar_items.json,avatar_marketplace_avatar_items,type,LIST,Missing,NO LIST,Missing,MISSING,Missing,MISSING,Missing,MISSING,Missing,MISSING,Missing,MISSING,Missing,MISSING,string
personal_information/avatars_store/avatar_items.json,"{'avatar_marketplace_avatar_items': [{'item': 'string', 'type': 'string', 'acquisition_time': 'number'}]}",personal_information,avatars_store,Missing,Missing,avatar_items.json,avatar_marketplace_avatar_items,acquisition_time,LIST,Missing,NO LIST,Missing,MISSING,Missing,MISSING,Missing,MISSING,Missing,MISSING,Missing,MISSING,Missing,MISSING,number
ads_information/subscription_for_no_ads.json,"{'media': 'array', 'label_values': [{'label': 'string', 'value': 'string'}], 'fbid': 'string'}",ads_information,Missing,Missing,Missing,subscription_for_no_ads.json,media,Missing,NO LIST,Missing,MISSING,Missing,MISSING,Missing,MISSING,Missing,MISSING,Missing,MISSING,Missing,MISSING,Missing,MISSING,array
ads_information/subscription_for_no_ads.json,"{'media': 'array', 'label_values': [{'label': 'string', 'value': 'string'}], 'fbid': 'string'}",ads_information,Missing,Missing,Missing,subscription_for_no_ads.json,label_values,label,LIST,Missing,NO LIST,Missing,MISSING,Missing,MISSING,Missing,MISSING,Missing,MISSING,Missing,MISSING,Missing,MISSING,string
ads_information/subscription_for_no_ads.json,"{'media': 'array', 'label_values': [{'label': 'string', 'value': 'string'}], 'fbid': 'string'}",ads_information,Missing,Missing,Missing,subscription_for_no_ads.json,label_values,value,LIST,Missing,NO LIST,Missing,MISSING,Missing,MISSING,Missing,MISSING,Missing,MISSING,Missing,MISSING,Missing,MISSING,string
ads_information/subscription_for_no_ads.json,"{'media': 'array', 'label_values': [{'label': 'string', 'value': 'string'}], 'fbid': 'string'}",ads_information,Missing,Missing,Missing,subscription_for_no_ads.json,fbid,Missing,NO LIST,Missing,MISSING,Missing,MISSING,Missing,MISSING,Missing,MISSING,Missing,MISSING,Missing,MISSING,Missing,MISSING,string
ads_information/ads_personalization_consent.json,"{'timestamp': 'number', 'media': 'array', 'label_values': [{'label': 'string', 'timestamp_value': 'number'}], 'fbid': 'string'}",ads_information,Missing,Missing,Missing,ads_personalization_consent.json,timestamp,Missing,NO LIST,Missing,MISSING,Missing,MISSING,Missing,MISSING,Missing,MISSING,Missing,MISSING,Missing,MISSING,Missing,MISSING,number
ads_information/ads_personalization_consent.json,"{'timestamp': 'number', 'media': 'array', 'label_values': [{'label': 'string', 'timestamp_value': 'number'}], 'fbid': 'string'}",ads_information,Missing,Missing,Missing,ads_personalization_consent.json,media,Missing,NO LIST,Missing,MISSING,Missing,MISSING,Missing,MISSING,Missing,MISSING,Missing,MISSING,Missing,MISSING,Missing,MISSING,array
ads_information/ads_personalization_consent.json,"{'timestamp': 'number', 'media': 'array', 'label_values': [{'label': 'string', 'timestamp_value': 'number'}], 'fbid': 'string'}",ads_information,Missing,Missing,Missing,ads_personalization_consent.json,label_values,label,LIST,Missing,NO LIST,Missing,MISSING,Missing,MISSING,Missing,MISSING,Missing,MISSING,Missing,MISSING,Missing,MISSING,string
ads_information/ads_personalization_consent.json,"{'timestamp': 'number', 'media': 'array', 'label_values': [{'label': 'string', 'timestamp_value': 'number'}], 'fbid': 'string'}",ads_information,Missing,Missing,Missing,ads_personalization_consent.json,label_values,timestamp_value,LIST,Missing,NO LIST,Missing,MISSING,Missing,MISSING,Missing,MISSING,Missing,MISSING,Missing,MISSING,Missing,MISSING,number
ads_information/ads_personalization_consent.json,"{'timestamp': 'number', 'media': 'array', 'label_values': [{'label': 'string', 'timestamp_value': 'number'}], 'fbid': 'string'}",ads_information,Missing,Missing,Missing,ads_personalization_consent.json,fbid,Missing,NO LIST,Missing,MISSING,Missing,MISSING,Missing,MISSING,Missing,MISSING,Missing,MISSING,Missing,MISSING,Missing,MISSING,string
ads_information/your_consent_settings.json,"{'timestamp': 'number', 'media': 'array', 'label_values': [{'label': 'string', 'timestamp_value': 'number'}], 'fbid': 'string'}",ads_information,Missing,Missing,Missing,your_consent_settings.json,timestamp,Missing,NO LIST,Missing,MISSING,Missing,MISSING,Missing,MISSING,Missing,MISSING,Missing,MISSING,Missing,MISSING,Missing,MISSING,number
ads_information/your_consent_settings.json,"{'timestamp': 'number', 'media': 'array', 'label_values': [{'label': 'string', 'timestamp_value': 'number'}], 'fbid': 'string'}",ads_information,Missing,Missing,Missing,your_consent_settings.json,media,Missing,NO LIST,Missing,MISSING,Missing,MISSING,Missing,MISSING,Missing,MISSING,Missing,MISSING,Missing,MISSING,Missing,MISSING,array
ads_information/your_consent_settings.json,"{'timestamp': 'number', 'media': 'array', 'label_values': [{'label': 'string', 'timestamp_value': 'number'}], 'fbid': 'string'}",ads_information,Missing,Missing,Missing,your_consent_settings.json,label_values,label,LIST,Missing,NO LIST,Missing,MISSING,Missing,MISSING,Missing,MISSING,Missing,MISSING,Missing,MISSING,Missing,MISSING,string
ads_information/your_consent_settings.json,"{'timestamp': 'number', 'media': 'array', 'label_values': [{'label': 'string', 'timestamp_value': 'number'}], 'fbid': 'string'}",ads_information,Missing,Missing,Missing,your_consent_settings.json,label_values,timestamp_value,LIST,Missing,NO LIST,Missing,MISSING,Missing,MISSING,Missing,MISSING,Missing,MISSING,Missing,MISSING,Missing,MISSING,number
ads_information/your_consent_settings.json,"{'timestamp': 'number', 'media': 'array', 'label_values': [{'label': 'string', 'timestamp_value': 'number'}], 'fbid': 'string'}",ads_information,Missing,Missing,Missing,your_consent_settings.json,fbid,Missing,NO LIST,Missing,MISSING,Missing,MISSING,Missing,MISSING,Missing,MISSING,Missing,MISSING,Missing,MISSING,Missing,MISSING,string
ads_information/ad_preferences.json,"{'media': 'array', 'label_values': [{'label': 'string', 'value': 'string'}], 'fbid': 'string'}",ads_information,Missing,Missing,Missing,ad_preferences.json,media,Missing,NO LIST,Missing,MISSING,Missing,MISSING,Missing,MISSING,Missing,MISSING,Missing,MISSING,Missing,MISSING,Missing,MISSING,array
ads_information/ad_preferences.json,"{'media': 'array', 'label_values': [{'label': 'string', 'value': 'string'}], 'fbid': 'string'}",ads_information,Missing,Missing,Missing,ad_preferences.json,label_values,label,LIST,Missing,NO LIST,Missing,MISSING,Missing,MISSING,Missing,MISSING,Missing,MISSING,Missing,MISSING,Missing,MISSING,string
ads_information/ad_preferences.json,"{'media': 'array', 'label_values': [{'label': 'string', 'value': 'string'}], 'fbid': 'string'}",ads_information,Missing,Missing,Missing,ad_preferences.json,label_values,value,LIST,Missing,NO LIST,Missing,MISSING,Missing,MISSING,Missing,MISSING,Missing,MISSING,Missing,MISSING,Missing,MISSING,string
ads_information/ad_preferences.json,"{'media': 'array', 'label_values': [{'label': 'string', 'value': 'string'}], 'fbid': 'string'}",ads_information,Missing,Missing,Missing,ad_preferences.json,fbid,Missing,NO LIST,Missing,MISSING,Missing,MISSING,Missing,MISSING,Missing,MISSING,Missing,MISSING,Missing,MISSING,Missing,MISSING,string
ads_information/advertisers_you've_interacted_with.json,"{'history_v2': [{'title': 'string', 'action': 'string', 'timestamp': 'number'}]}",ads_information,Missing,Missing,Missing,advertisers_you've_interacted_with.json,history_v2,title,LIST,Missing,NO LIST,Missing,MISSING,Missing,MISSING,Missing,MISSING,Missing,MISSING,Missing,MISSING,Missing,MISSING,string
ads_information/advertisers_you've_interacted_with.json,"{'history_v2': [{'title': 'string', 'action': 'string', 'timestamp': 'number'}]}",ads_information,Missing,Missing,Missing,advertisers_you've_interacted_with.json,history_v2,action,LIST,Missing,NO LIST,Missing,MISSING,Missing,MISSING,Missing,MISSING,Missing,MISSING,Missing,MISSING,Missing,MISSING,string
ads_information/advertisers_you've_interacted_with.json,"{'history_v2': [{'title': 'string', 'action': 'string', 'timestamp': 'number'}]}",ads_information,Missing,Missing,Missing,advertisers_you've_interacted_with.json,history_v2,timestamp,LIST,Missing,NO LIST,Missing,MISSING,Missing,MISSING,Missing,MISSING,Missing,MISSING,Missing,MISSING,Missing,MISSING,number
ads_information/other_categories_used_to_reach_you.json,"{'media': 'array', 'label_values': [{'label': 'string', 'vec': [{'value': 'string'}]}], 'fbid': 'string'}",ads_information,Missing,Missing,Missing,other_categories_used_to_reach_you.json,media,Missing,NO LIST,Missing,MISSING,Missing,MISSING,Missing,MISSING,Missing,MISSING,Missing,MISSING,Missing,MISSING,Missing,MISSING,array
ads_information/other_categories_used_to_reach_you.json,"{'media': 'array', 'label_values': [{'label': 'string', 'vec': [{'value': 'string'}]}], 'fbid': 'string'}",ads_information,Missing,Missing,Missing,other_categories_used_to_reach_you.json,label_values,label,LIST,Missing,NO LIST,Missing,MISSING,Missing,MISSING,Missing,MISSING,Missing,MISSING,Missing,MISSING,Missing,MISSING,string
ads_information/other_categories_used_to_reach_you.json,"{'media': 'array', 'label_values': [{'label': 'string', 'vec': [{'value': 'string'}]}], 'fbid': 'string'}",ads_information,Missing,Missing,Missing,other_categories_used_to_reach_you.json,label_values,vec,LIST,value,LIST,Missing,NO LIST,Missing,MISSING,Missing,MISSING,Missing,MISSING,Missing,MISSING,Missing,MISSING,string
ads_information/other_categories_used_to_reach_you.json,"{'media': 'array', 'label_values': [{'label': 'string', 'vec': [{'value': 'string'}]}], 'fbid': 'string'}",ads_information,Missing,Missing,Missing,other_categories_used_to_reach_you.json,fbid,Missing,NO LIST,Missing,MISSING,Missing,MISSING,Missing,MISSING,Missing,MISSING,Missing,MISSING,Missing,MISSING,Missing,MISSING,string
ads_information/ads_about_meta.json,"{'media': 'array', 'label_values': [{'label': 'string', 'value': 'string'}], 'fbid': 'string'}",ads_information,Missing,Missing,Missing,ads_about_meta.json,media,Missing,NO LIST,Missing,MISSING,Missing,MISSING,Missing,MISSING,Missing,MISSING,Missing,MISSING,Missing,MISSING,Missing,MISSING,array
ads_information/ads_about_meta.json,"{'media': 'array', 'label_values': [{'label': 'string', 'value': 'string'}], 'fbid': 'string'}",ads_information,Missing,Missing,Missing,ads_about_meta.json,label_values,label,LIST,Missing,NO LIST,Missing,MISSING,Missing,MISSING,Missing,MISSING,Missing,MISSING,Missing,MISSING,Missing,MISSING,string
ads_information/ads_about_meta.json,"{'media': 'array', 'label_values': [{'label': 'string', 'value': 'string'}], 'fbid': 'string'}",ads_information,Missing,Missing,Missing,ads_about_meta.json,label_values,value,LIST,Missing,NO LIST,Missing,MISSING,Missing,MISSING,Missing,MISSING,Missing,MISSING,Missing,MISSING,Missing,MISSING,string
ads_information/ads_about_meta.json,"{'media': 'array', 'label_values': [{'label': 'string', 'value': 'string'}], 'fbid': 'string'}",ads_information,Missing,Missing,Missing,ads_about_meta.json,fbid,Missing,NO LIST,Missing,MISSING,Missing,MISSING,Missing,MISSING,Missing,MISSING,Missing,MISSING,Missing,MISSING,Missing,MISSING,string
logged_information/in-app_messages/your_in-app_messages_interactions.json,"{'timestamp': 'number', 'media': 'array', 'label_values': [{'label': 'string', 'value': 'string'}], 'fbid': 'string'}",logged_information,in-app_messages,Missing,Missing,your_in-app_messages_interactions.json,timestamp,Missing,NO LIST,Missing,MISSING,Missing,MISSING,Missing,MISSING,Missing,MISSING,Missing,MISSING,Missing,MISSING,Missing,MISSING,number
logged_information/in-app_messages/your_in-app_messages_interactions.json,"{'timestamp': 'number', 'media': 'array', 'label_values': [{'label': 'string', 'value': 'string'}], 'fbid': 'string'}",logged_information,in-app_messages,Missing,Missing,your_in-app_messages_interactions.json,media,Missing,NO LIST,Missing,MISSING,Missing,MISSING,Missing,MISSING,Missing,MISSING,Missing,MISSING,Missing,MISSING,Missing,MISSING,array
logged_information/in-app_messages/your_in-app_messages_interactions.json,"{'timestamp': 'number', 'media': 'array', 'label_values': [{'label': 'string', 'value': 'string'}], 'fbid': 'string'}",logged_information,in-app_messages,Missing,Missing,your_in-app_messages_interactions.json,label_values,label,LIST,Missing,NO LIST,Missing,MISSING,Missing,MISSING,Missing,MISSING,Missing,MISSING,Missing,MISSING,Missing,MISSING,string
logged_information/in-app_messages/your_in-app_messages_interactions.json,"{'timestamp': 'number', 'media': 'array', 'label_values': [{'label': 'string', 'value': 'string'}], 'fbid': 'string'}",logged_information,in-app_messages,Missing,Missing,your_in-app_messages_interactions.json,label_values,value,LIST,Missing,NO LIST,Missing,MISSING,Missing,MISSING,Missing,MISSING,Missing,MISSING,Missing,MISSING,Missing,MISSING,string
logged_information/in-app_messages/your_in-app_messages_interactions.json,"{'timestamp': 'number', 'media': 'array', 'label_values': [{'label': 'string', 'value': 'string'}], 'fbid': 'string'}",logged_information,in-app_messages,Missing,Missing,your_in-app_messages_interactions.json,fbid,Missing,NO LIST,Missing,MISSING,Missing,MISSING,Missing,MISSING,Missing,MISSING,Missing,MISSING,Missing,MISSING,Missing,MISSING,string
logged_information/location/timezone.json,{'timezone_v2': 'string'},logged_information,location,Missing,Missing,timezone.json,timezone_v2,Missing,NO LIST,Missing,MISSING,Missing,MISSING,Missing,MISSING,Missing,MISSING,Missing,MISSING,Missing,MISSING,Missing,MISSING,string
logged_information/location/your_privacy_jurisdiction.json,"{'media': 'array', 'label_values': [{'label': 'string', 'vec': [{'value': 'string'}]}], 'fbid': 'string'}",logged_information,location,Missing,Missing,your_privacy_jurisdiction.json,media,Missing,NO LIST,Missing,MISSING,Missing,MISSING,Missing,MISSING,Missing,MISSING,Missing,MISSING,Missing,MISSING,Missing,MISSING,array
logged_information/location/your_privacy_jurisdiction.json,"{'media': 'array', 'label_values': [{'label': 'string', 'vec': [{'value': 'string'}]}], 'fbid': 'string'}",logged_information,location,Missing,Missing,your_privacy_jurisdiction.json,label_values,label,LIST,Missing,NO LIST,Missing,MISSING,Missing,MISSING,Missing,MISSING,Missing,MISSING,Missing,MISSING,Missing,MISSING,string
logged_information/location/your_privacy_jurisdiction.json,"{'media': 'array', 'label_values': [{'label': 'string', 'vec': [{'value': 'string'}]}], 'fbid': 'string'}",logged_information,location,Missing,Missing,your_privacy_jurisdiction.json,label_values,vec,LIST,value,LIST,Missing,NO LIST,Missing,MISSING,Missing,MISSING,Missing,MISSING,Missing,MISSING,Missing,MISSING,string
logged_information/location/your_privacy_jurisdiction.json,"{'media': 'array', 'label_values': [{'label': 'string', 'vec': [{'value': 'string'}]}], 'fbid': 'string'}",logged_information,location,Missing,Missing,your_privacy_jurisdiction.json,fbid,Missing,NO LIST,Missing,MISSING,Missing,MISSING,Missing,MISSING,Missing,MISSING,Missing,MISSING,Missing,MISSING,Missing,MISSING,string
logged_information/location/device_location.json,"{'phone_number_location_v2': [{'spn': 'string', 'country_code': 'string'}]}",logged_information,location,Missing,Missing,device_location.json,phone_number_location_v2,spn,LIST,Missing,NO LIST,Missing,MISSING,Missing,MISSING,Missing,MISSING,Missing,MISSING,Missing,MISSING,Missing,MISSING,string
logged_information/location/device_location.json,"{'phone_number_location_v2': [{'spn': 'string', 'country_code': 'string'}]}",logged_information,location,Missing,Missing,device_location.json,phone_number_location_v2,country_code,LIST,Missing,NO LIST,Missing,MISSING,Missing,MISSING,Missing,MISSING,Missing,MISSING,Missing,MISSING,Missing,MISSING,string
logged_information/location/primary_location.json,"{'primary_location_v2': {'city_region_pairs': [['string']], 'zipcode': ['string']}}",logged_information,location,Missing,Missing,primary_location.json,primary_location_v2,city_region_pairs,NO LIST,Missing,LIST,Missing,MISSING,Missing,MISSING,Missing,MISSING,Missing,MISSING,Missing,MISSING,Missing,MISSING,string
logged_information/location/primary_location.json,"{'primary_location_v2': {'city_region_pairs': [['string']], 'zipcode': ['string']}}",logged_information,location,Missing,Missing,primary_location.json,primary_location_v2,zipcode,NO LIST,Missing,LIST,Missing,MISSING,Missing,MISSING,Missing,MISSING,Missing,MISSING,Missing,MISSING,Missing,MISSING,string
logged_information/location/primary_public_location.json,"{'primary_public_location_v2': {'city': 'string', 'region': 'string', 'country': 'string'}}",logged_information,location,Missing,Missing,primary_public_location.json,primary_public_location_v2,city,NO LIST,Missing,NO LIST,Missing,MISSING,Missing,MISSING,Missing,MISSING,Missing,MISSING,Missing,MISSING,Missing,MISSING,string
logged_information/location/primary_public_location.json,"{'primary_public_location_v2': {'city': 'string', 'region': 'string', 'country': 'string'}}",logged_information,location,Missing,Missing,primary_public_location.json,primary_public_location_v2,region,NO LIST,Missing,NO LIST,Missing,MISSING,Missing,MISSING,Missing,MISSING,Missing,MISSING,Missing,MISSING,Missing,MISSING,string
logged_information/location/primary_public_location.json,"{'primary_public_location_v2': {'city': 'string', 'region': 'string', 'country': 'string'}}",logged_information,location,Missing,Missing,primary_public_location.json,primary_public_location_v2,country,NO LIST,Missing,NO LIST,Missing,MISSING,Missing,MISSING,Missing,MISSING,Missing,MISSING,Missing,MISSING,Missing,MISSING,string
logged_information/other_logged_information/consents.json,"{'timestamp': 'number', 'media': 'array', 'label_values': [{'label': 'string'}], 'fbid': 'string'}",logged_information,other_logged_information,Missing,Missing,consents.json,timestamp,Missing,NO LIST,Missing,MISSING,Missing,MISSING,Missing,MISSING,Missing,MISSING,Missing,MISSING,Missing,MISSING,Missing,MISSING,number
logged_information/other_logged_information/consents.json,"{'timestamp': 'number', 'media': 'array', 'label_values': [{'label': 'string'}], 'fbid': 'string'}",logged_information,other_logged_information,Missing,Missing,consents.json,media,Missing,NO LIST,Missing,MISSING,Missing,MISSING,Missing,MISSING,Missing,MISSING,Missing,MISSING,Missing,MISSING,Missing,MISSING,array
logged_information/other_logged_information/consents.json,"{'timestamp': 'number', 'media': 'array', 'label_values': [{'label': 'string'}], 'fbid': 'string'}",logged_information,other_logged_information,Missing,Missing,consents.json,label_values,label,LIST,Missing,NO LIST,Missing,MISSING,Missing,MISSING,Missing,MISSING,Missing,MISSING,Missing,MISSING,Missing,MISSING,string
logged_information/other_logged_information/consents.json,"{'timestamp': 'number', 'media': 'array', 'label_values': [{'label': 'string'}], 'fbid': 'string'}",logged_information,other_logged_information,Missing,Missing,consents.json,fbid,Missing,NO LIST,Missing,MISSING,Missing,MISSING,Missing,MISSING,Missing,MISSING,Missing,MISSING,Missing,MISSING,Missing,MISSING,string
logged_information/other_logged_information/detected_hardware.json,"{'media': 'array', 'label_values': [{'label': 'string', 'timestamp_value': 'number'}], 'fbid': 'string'}",logged_information,other_logged_information,Missing,Missing,detected_hardware.json,media,Missing,NO LIST,Missing,MISSING,Missing,MISSING,Missing,MISSING,Missing,MISSING,Missing,MISSING,Missing,MISSING,Missing,MISSING,array
logged_information/other_logged_information/detected_hardware.json,"{'media': 'array', 'label_values': [{'label': 'string', 'timestamp_value': 'number'}], 'fbid': 'string'}",logged_information,other_logged_information,Missing,Missing,detected_hardware.json,label_values,label,LIST,Missing,NO LIST,Missing,MISSING,Missing,MISSING,Missing,MISSING,Missing,MISSING,Missing,MISSING,Missing,MISSING,string
logged_information/other_logged_information/detected_hardware.json,"{'media': 'array', 'label_values': [{'label': 'string', 'timestamp_value': 'number'}], 'fbid': 'string'}",logged_information,other_logged_information,Missing,Missing,detected_hardware.json,label_values,timestamp_value,LIST,Missing,NO LIST,Missing,MISSING,Missing,MISSING,Missing,MISSING,Missing,MISSING,Missing,MISSING,Missing,MISSING,number
logged_information/other_logged_information/detected_hardware.json,"{'media': 'array', 'label_values': [{'label': 'string', 'timestamp_value': 'number'}], 'fbid': 'string'}",logged_information,other_logged_information,Missing,Missing,detected_hardware.json,fbid,Missing,NO LIST,Missing,MISSING,Missing,MISSING,Missing,MISSING,Missing,MISSING,Missing,MISSING,Missing,MISSING,Missing,MISSING,string
logged_information/notifications/your_notifications_tab_activity.json,"{'media': 'array', 'label_values': [{'label': 'string', 'timestamp_value': 'number'}], 'fbid': 'string'}",logged_information,notifications,Missing,Missing,your_notifications_tab_activity.json,media,Missing,NO LIST,Missing,MISSING,Missing,MISSING,Missing,MISSING,Missing,MISSING,Missing,MISSING,Missing,MISSING,Missing,MISSING,array
logged_information/notifications/your_notifications_tab_activity.json,"{'media': 'array', 'label_values': [{'label': 'string', 'timestamp_value': 'number'}], 'fbid': 'string'}",logged_information,notifications,Missing,Missing,your_notifications_tab_activity.json,label_values,label,LIST,Missing,NO LIST,Missing,MISSING,Missing,MISSING,Missing,MISSING,Missing,MISSING,Missing,MISSING,Missing,MISSING,string
logged_information/notifications/your_notifications_tab_activity.json,"{'media': 'array', 'label_values': [{'label': 'string', 'timestamp_value': 'number'}], 'fbid': 'string'}",logged_information,notifications,Missing,Missing,your_notifications_tab_activity.json,label_values,timestamp_value,LIST,Missing,NO LIST,Missing,MISSING,Missing,MISSING,Missing,MISSING,Missing,MISSING,Missing,MISSING,Missing,MISSING,number
logged_information/notifications/your_notifications_tab_activity.json,"{'media': 'array', 'label_values': [{'label': 'string', 'timestamp_value': 'number'}], 'fbid': 'string'}",logged_information,notifications,Missing,Missing,your_notifications_tab_activity.json,fbid,Missing,NO LIST,Missing,MISSING,Missing,MISSING,Missing,MISSING,Missing,MISSING,Missing,MISSING,Missing,MISSING,Missing,MISSING,string
logged_information/notifications/meta_privacy_policy_update_notifications.json,"{'timestamp': 'number', 'media': 'array', 'label_values': [{'label': 'string', 'timestamp_value': 'number'}], 'fbid': 'string'}",logged_information,notifications,Missing,Missing,meta_privacy_policy_update_notifications.json,timestamp,Missing,NO LIST,Missing,MISSING,Missing,MISSING,Missing,MISSING,Missing,MISSING,Missing,MISSING,Missing,MISSING,Missing,MISSING,number
logged_information/notifications/meta_privacy_policy_update_notifications.json,"{'timestamp': 'number', 'media': 'array', 'label_values': [{'label': 'string', 'timestamp_value': 'number'}], 'fbid': 'string'}",logged_information,notifications,Missing,Missing,meta_privacy_policy_update_notifications.json,media,Missing,NO LIST,Missing,MISSING,Missing,MISSING,Missing,MISSING,Missing,MISSING,Missing,MISSING,Missing,MISSING,Missing,MISSING,array
logged_information/notifications/meta_privacy_policy_update_notifications.json,"{'timestamp': 'number', 'media': 'array', 'label_values': [{'label': 'string', 'timestamp_value': 'number'}], 'fbid': 'string'}",logged_information,notifications,Missing,Missing,meta_privacy_policy_update_notifications.json,label_values,label,LIST,Missing,NO LIST,Missing,MISSING,Missing,MISSING,Missing,MISSING,Missing,MISSING,Missing,MISSING,Missing,MISSING,string
logged_information/notifications/meta_privacy_policy_update_notifications.json,"{'timestamp': 'number', 'media': 'array', 'label_values': [{'label': 'string', 'timestamp_value': 'number'}], 'fbid': 'string'}",logged_information,notifications,Missing,Missing,meta_privacy_policy_update_notifications.json,label_values,timestamp_value,LIST,Missing,NO LIST,Missing,MISSING,Missing,MISSING,Missing,MISSING,Missing,MISSING,Missing,MISSING,Missing,MISSING,number
logged_information/notifications/meta_privacy_policy_update_notifications.json,"{'timestamp': 'number', 'media': 'array', 'label_values': [{'label': 'string', 'timestamp_value': 'number'}], 'fbid': 'string'}",logged_information,notifications,Missing,Missing,meta_privacy_policy_update_notifications.json,fbid,Missing,NO LIST,Missing,MISSING,Missing,MISSING,Missing,MISSING,Missing,MISSING,Missing,MISSING,Missing,MISSING,Missing,MISSING,string
logged_information/notifications/notification_of_meta_privacy_policy_update.json,"{'notification_meta_privacy_policy_update': [{'impression_time': 'number', 'consent_state': 'number'}]}",logged_information,notifications,Missing,Missing,notification_of_meta_privacy_policy_update.json,notification_meta_privacy_policy_update,impression_time,LIST,Missing,NO LIST,Missing,MISSING,Missing,MISSING,Missing,MISSING,Missing,MISSING,Missing,MISSING,Missing,MISSING,number
logged_information/notifications/notification_of_meta_privacy_policy_update.json,"{'notification_meta_privacy_policy_update': [{'impression_time': 'number', 'consent_state': 'number'}]}",logged_information,notifications,Missing,Missing,notification_of_meta_privacy_policy_update.json,notification_meta_privacy_policy_update,consent_state,LIST,Missing,NO LIST,Missing,MISSING,Missing,MISSING,Missing,MISSING,Missing,MISSING,Missing,MISSING,Missing,MISSING,number
logged_information/search/your_educational_notification_interactions.json,"{'media': 'array', 'label_values': [{'label': 'string', 'value': 'string'}], 'fbid': 'string'}",logged_information,search,Missing,Missing,your_educational_notification_interactions.json,media,Missing,NO LIST,Missing,MISSING,Missing,MISSING,Missing,MISSING,Missing,MISSING,Missing,MISSING,Missing,MISSING,Missing,MISSING,array
logged_information/search/your_educational_notification_interactions.json,"{'media': 'array', 'label_values': [{'label': 'string', 'value': 'string'}], 'fbid': 'string'}",logged_information,search,Missing,Missing,your_educational_notification_interactions.json,label_values,label,LIST,Missing,NO LIST,Missing,MISSING,Missing,MISSING,Missing,MISSING,Missing,MISSING,Missing,MISSING,Missing,MISSING,string
logged_information/search/your_educational_notification_interactions.json,"{'media': 'array', 'label_values': [{'label': 'string', 'value': 'string'}], 'fbid': 'string'}",logged_information,search,Missing,Missing,your_educational_notification_interactions.json,label_values,value,LIST,Missing,NO LIST,Missing,MISSING,Missing,MISSING,Missing,MISSING,Missing,MISSING,Missing,MISSING,Missing,MISSING,string
logged_information/search/your_educational_notification_interactions.json,"{'media': 'array', 'label_values': [{'label': 'string', 'value': 'string'}], 'fbid': 'string'}",logged_information,search,Missing,Missing,your_educational_notification_interactions.json,fbid,Missing,NO LIST,Missing,MISSING,Missing,MISSING,Missing,MISSING,Missing,MISSING,Missing,MISSING,Missing,MISSING,Missing,MISSING,string
logged_information/search/your_search_history.json,"{'searches_v2': [{'timestamp': 'number', 'attachments': [{'data': [{'text': 'string'}]}], 'data': [{'text': 'string'}], 'title': 'string'}]}",logged_information,search,Missing,Missing,your_search_history.json,searches_v2,timestamp,LIST,Missing,NO LIST,Missing,MISSING,Missing,MISSING,Missing,MISSING,Missing,MISSING,Missing,MISSING,Missing,MISSING,number
logged_information/search/your_search_history.json,"{'searches_v2': [{'timestamp': 'number', 'attachments': [{'data': [{'text': 'string'}]}], 'data': [{'text': 'string'}], 'title': 'string'}]}",logged_information,search,Missing,Missing,your_search_history.json,searches_v2,attachments,LIST,data,LIST,text,LIST,Missing,NO LIST,Missing,MISSING,Missing,MISSING,Missing,MISSING,Missing,MISSING,string
logged_information/search/your_search_history.json,"{'searches_v2': [{'timestamp': 'number', 'attachments': [{'data': [{'text': 'string'}]}], 'data': [{'text': 'string'}], 'title': 'string'}]}",logged_information,search,Missing,Missing,your_search_history.json,searches_v2,data,LIST,text,LIST,Missing,NO LIST,Missing,MISSING,Missing,MISSING,Missing,MISSING,Missing,MISSING,Missing,MISSING,string
logged_information/search/your_search_history.json,"{'searches_v2': [{'timestamp': 'number', 'attachments': [{'data': [{'text': 'string'}]}], 'data': [{'text': 'string'}], 'title': 'string'}]}",logged_information,search,Missing,Missing,your_search_history.json,searches_v2,title,LIST,Missing,NO LIST,Missing,MISSING,Missing,MISSING,Missing,MISSING,Missing,MISSING,Missing,MISSING,Missing,MISSING,string
logged_information/activity_messages/milestone_notifications.json,"{'timestamp': 'number', 'media': 'array', 'label_values': [{'label': 'string', 'value': 'string'}], 'fbid': 'string'}",logged_information,activity_messages,Missing,Missing,milestone_notifications.json,timestamp,Missing,NO LIST,Missing,MISSING,Missing,MISSING,Missing,MISSING,Missing,MISSING,Missing,MISSING,Missing,MISSING,Missing,MISSING,number
logged_information/activity_messages/milestone_notifications.json,"{'timestamp': 'number', 'media': 'array', 'label_values': [{'label': 'string', 'value': 'string'}], 'fbid': 'string'}",logged_information,activity_messages,Missing,Missing,milestone_notifications.json,media,Missing,NO LIST,Missing,MISSING,Missing,MISSING,Missing,MISSING,Missing,MISSING,Missing,MISSING,Missing,MISSING,Missing,MISSING,array
logged_information/activity_messages/milestone_notifications.json,"{'timestamp': 'number', 'media': 'array', 'label_values': [{'label': 'string', 'value': 'string'}], 'fbid': 'string'}",logged_information,activity_messages,Missing,Missing,milestone_notifications.json,label_values,label,LIST,Missing,NO LIST,Missing,MISSING,Missing,MISSING,Missing,MISSING,Missing,MISSING,Missing,MISSING,Missing,MISSING,string
logged_information/activity_messages/milestone_notifications.json,"{'timestamp': 'number', 'media': 'array', 'label_values': [{'label': 'string', 'value': 'string'}], 'fbid': 'string'}",logged_information,activity_messages,Missing,Missing,milestone_notifications.json,label_values,value,LIST,Missing,NO LIST,Missing,MISSING,Missing,MISSING,Missing,MISSING,Missing,MISSING,Missing,MISSING,Missing,MISSING,string
logged_information/activity_messages/milestone_notifications.json,"{'timestamp': 'number', 'media': 'array', 'label_values': [{'label': 'string', 'value': 'string'}], 'fbid': 'string'}",logged_information,activity_messages,Missing,Missing,milestone_notifications.json,fbid,Missing,NO LIST,Missing,MISSING,Missing,MISSING,Missing,MISSING,Missing,MISSING,Missing,MISSING,Missing,MISSING,Missing,MISSING,string
logged_information/activity_messages/people_and_friends.json,"{'people_interactions_v2': [{'name': 'string', 'description': 'string', 'entries': [{'timestamp': 'number', 'data': {'name': 'string', 'uri': 'string'}}]}]}",logged_information,activity_messages,Missing,Missing,people_and_friends.json,people_interactions_v2,name,LIST,Missing,NO LIST,Missing,MISSING,Missing,MISSING,Missing,MISSING,Missing,MISSING,Missing,MISSING,Missing,MISSING,string
logged_information/activity_messages/people_and_friends.json,"{'people_interactions_v2': [{'name': 'string', 'description': 'string', 'entries': [{'timestamp': 'number', 'data': {'name': 'string', 'uri': 'string'}}]}]}",logged_information,activity_messages,Missing,Missing,people_and_friends.json,people_interactions_v2,description,LIST,Missing,NO LIST,Missing,MISSING,Missing,MISSING,Missing,MISSING,Missing,MISSING,Missing,MISSING,Missing,MISSING,string
logged_information/activity_messages/people_and_friends.json,"{'people_interactions_v2': [{'name': 'string', 'description': 'string', 'entries': [{'timestamp': 'number', 'data': {'name': 'string', 'uri': 'string'}}]}]}",logged_information,activity_messages,Missing,Missing,people_and_friends.json,people_interactions_v2,entries,LIST,timestamp,LIST,Missing,NO LIST,Missing,MISSING,Missing,MISSING,Missing,MISSING,Missing,MISSING,Missing,MISSING,number
logged_information/activity_messages/people_and_friends.json,"{'people_interactions_v2': [{'name': 'string', 'description': 'string', 'entries': [{'timestamp': 'number', 'data': {'name': 'string', 'uri': 'string'}}]}]}",logged_information,activity_messages,Missing,Missing,people_and_friends.json,people_interactions_v2,entries,LIST,data,LIST,name,NO LIST,Missing,NO LIST,Missing,MISSING,Missing,MISSING,Missing,MISSING,Missing,MISSING,string
logged_information/activity_messages/people_and_friends.json,"{'people_interactions_v2': [{'name': 'string', 'description': 'string', 'entries': [{'timestamp': 'number', 'data': {'name': 'string', 'uri': 'string'}}]}]}",logged_information,activity_messages,Missing,Missing,people_and_friends.json,people_interactions_v2,entries,LIST,data,LIST,uri,NO LIST,Missing,NO LIST,Missing,MISSING,Missing,MISSING,Missing,MISSING,Missing,MISSING,string
logged_information/interactions/recently_viewed.json,"{'recently_viewed': [{'name': 'string', 'description': 'string', 'children': [{'name': 'string', 'description': 'string', 'entries': [{'data': {'value': 'string'}}]}]}]}",logged_information,interactions,Missing,Missing,recently_viewed.json,recently_viewed,name,LIST,Missing,NO LIST,Missing,MISSING,Missing,MISSING,Missing,MISSING,Missing,MISSING,Missing,MISSING,Missing,MISSING,string
logged_information/interactions/recently_viewed.json,"{'recently_viewed': [{'name': 'string', 'description': 'string', 'children': [{'name': 'string', 'description': 'string', 'entries': [{'data': {'value': 'string'}}]}]}]}",logged_information,interactions,Missing,Missing,recently_viewed.json,recently_viewed,description,LIST,Missing,NO LIST,Missing,MISSING,Missing,MISSING,Missing,MISSING,Missing,MISSING,Missing,MISSING,Missing,MISSING,string
logged_information/interactions/recently_viewed.json,"{'recently_viewed': [{'name': 'string', 'description': 'string', 'children': [{'name': 'string', 'description': 'string', 'entries': [{'data': {'value': 'string'}}]}]}]}",logged_information,interactions,Missing,Missing,recently_viewed.json,recently_viewed,children,LIST,name,LIST,Missing,NO LIST,Missing,MISSING,Missing,MISSING,Missing,MISSING,Missing,MISSING,Missing,MISSING,string
logged_information/interactions/recently_viewed.json,"{'recently_viewed': [{'name': 'string', 'description': 'string', 'children': [{'name': 'string', 'description': 'string', 'entries': [{'data': {'value': 'string'}}]}]}]}",logged_information,interactions,Missing,Missing,recently_viewed.json,recently_viewed,children,LIST,description,LIST,Missing,NO LIST,Missing,MISSING,Missing,MISSING,Missing,MISSING,Missing,MISSING,Missing,MISSING,string
logged_information/interactions/recently_viewed.json,"{'recently_viewed': [{'name': 'string', 'description': 'string', 'children': [{'name': 'string', 'description': 'string', 'entries': [{'data': {'value': 'string'}}]}]}]}",logged_information,interactions,Missing,Missing,recently_viewed.json,recently_viewed,children,LIST,entries,LIST,data,LIST,value,NO LIST,Missing,NO LIST,Missing,MISSING,Missing,MISSING,Missing,MISSING,string
apps_and_websites_off_of_facebook/your_activity_off_meta_technologies_settings.json,"{'timestamp': 'number', 'media': 'array', 'label_values': [{'label': 'string', 'value': 'string'}], 'fbid': 'string'}",apps_and_websites_off_of_facebook,Missing,Missing,Missing,your_activity_off_meta_technologies_settings.json,timestamp,Missing,NO LIST,Missing,MISSING,Missing,MISSING,Missing,MISSING,Missing,MISSING,Missing,MISSING,Missing,MISSING,Missing,MISSING,number
apps_and_websites_off_of_facebook/your_activity_off_meta_technologies_settings.json,"{'timestamp': 'number', 'media': 'array', 'label_values': [{'label': 'string', 'value': 'string'}], 'fbid': 'string'}",apps_and_websites_off_of_facebook,Missing,Missing,Missing,your_activity_off_meta_technologies_settings.json,media,Missing,NO LIST,Missing,MISSING,Missing,MISSING,Missing,MISSING,Missing,MISSING,Missing,MISSING,Missing,MISSING,Missing,MISSING,array
apps_and_websites_off_of_facebook/your_activity_off_meta_technologies_settings.json,"{'timestamp': 'number', 'media': 'array', 'label_values': [{'label': 'string', 'value': 'string'}], 'fbid': 'string'}",apps_and_websites_off_of_facebook,Missing,Missing,Missing,your_activity_off_meta_technologies_settings.json,label_values,label,LIST,Missing,NO LIST,Missing,MISSING,Missing,MISSING,Missing,MISSING,Missing,MISSING,Missing,MISSING,Missing,MISSING,string
apps_and_websites_off_of_facebook/your_activity_off_meta_technologies_settings.json,"{'timestamp': 'number', 'media': 'array', 'label_values': [{'label': 'string', 'value': 'string'}], 'fbid': 'string'}",apps_and_websites_off_of_facebook,Missing,Missing,Missing,your_activity_off_meta_technologies_settings.json,label_values,value,LIST,Missing,NO LIST,Missing,MISSING,Missing,MISSING,Missing,MISSING,Missing,MISSING,Missing,MISSING,Missing,MISSING,string
apps_and_websites_off_of_facebook/your_activity_off_meta_technologies_settings.json,"{'timestamp': 'number', 'media': 'array', 'label_values': [{'label': 'string', 'value': 'string'}], 'fbid': 'string'}",apps_and_websites_off_of_facebook,Missing,Missing,Missing,your_activity_off_meta_technologies_settings.json,fbid,Missing,NO LIST,Missing,MISSING,Missing,MISSING,Missing,MISSING,Missing,MISSING,Missing,MISSING,Missing,MISSING,Missing,MISSING,string
apps_and_websites_off_of_facebook/permissions_you_have_granted_to_apps.json,"{'media': 'array', 'label_values': [{'label': 'string', 'vec': [{'value': 'string'}]}], 'fbid': 'string'}",apps_and_websites_off_of_facebook,Missing,Missing,Missing,permissions_you_have_granted_to_apps.json,media,Missing,NO LIST,Missing,MISSING,Missing,MISSING,Missing,MISSING,Missing,MISSING,Missing,MISSING,Missing,MISSING,Missing,MISSING,array
apps_and_websites_off_of_facebook/permissions_you_have_granted_to_apps.json,"{'media': 'array', 'label_values': [{'label': 'string', 'vec': [{'value': 'string'}]}], 'fbid': 'string'}",apps_and_websites_off_of_facebook,Missing,Missing,Missing,permissions_you_have_granted_to_apps.json,label_values,label,LIST,Missing,NO LIST,Missing,MISSING,Missing,MISSING,Missing,MISSING,Missing,MISSING,Missing,MISSING,Missing,MISSING,string
apps_and_websites_off_of_facebook/permissions_you_have_granted_to_apps.json,"{'media': 'array', 'label_values': [{'label': 'string', 'vec': [{'value': 'string'}]}], 'fbid': 'string'}",apps_and_websites_off_of_facebook,Missing,Missing,Missing,permissions_you_have_granted_to_apps.json,label_values,vec,LIST,value,LIST,Missing,NO LIST,Missing,MISSING,Missing,MISSING,Missing,MISSING,Missing,MISSING,Missing,MISSING,string
apps_and_websites_off_of_facebook/permissions_you_have_granted_to_apps.json,"{'media': 'array', 'label_values': [{'label': 'string', 'vec': [{'value': 'string'}]}], 'fbid': 'string'}",apps_and_websites_off_of_facebook,Missing,Missing,Missing,permissions_you_have_granted_to_apps.json,fbid,Missing,NO LIST,Missing,MISSING,Missing,MISSING,Missing,MISSING,Missing,MISSING,Missing,MISSING,Missing,MISSING,Missing,MISSING,string
apps_and_websites_off_of_facebook/connected_apps_and_websites.json,"{'installed_apps_v2': [{'name': 'string', 'added_timestamp': 'number', 'user_app_scoped_id': 'number', 'category': 'string', 'removed_timestamp': 'number'}]}",apps_and_websites_off_of_facebook,Missing,Missing,Missing,connected_apps_and_websites.json,installed_apps_v2,name,LIST,Missing,NO LIST,Missing,MISSING,Missing,MISSING,Missing,MISSING,Missing,MISSING,Missing,MISSING,Missing,MISSING,string
apps_and_websites_off_of_facebook/connected_apps_and_websites.json,"{'installed_apps_v2': [{'name': 'string', 'added_timestamp': 'number', 'user_app_scoped_id': 'number', 'category': 'string', 'removed_timestamp': 'number'}]}",apps_and_websites_off_of_facebook,Missing,Missing,Missing,connected_apps_and_websites.json,installed_apps_v2,added_timestamp,LIST,Missing,NO LIST,Missing,MISSING,Missing,MISSING,Missing,MISSING,Missing,MISSING,Missing,MISSING,Missing,MISSING,number
apps_and_websites_off_of_facebook/connected_apps_and_websites.json,"{'installed_apps_v2': [{'name': 'string', 'added_timestamp': 'number', 'user_app_scoped_id': 'number', 'category': 'string', 'removed_timestamp': 'number'}]}",apps_and_websites_off_of_facebook,Missing,Missing,Missing,connected_apps_and_websites.json,installed_apps_v2,user_app_scoped_id,LIST,Missing,NO LIST,Missing,MISSING,Missing,MISSING,Missing,MISSING,Missing,MISSING,Missing,MISSING,Missing,MISSING,number
apps_and_websites_off_of_facebook/connected_apps_and_websites.json,"{'installed_apps_v2': [{'name': 'string', 'added_timestamp': 'number', 'user_app_scoped_id': 'number', 'category': 'string', 'removed_timestamp': 'number'}]}",apps_and_websites_off_of_facebook,Missing,Missing,Missing,connected_apps_and_websites.json,installed_apps_v2,category,LIST,Missing,NO LIST,Missing,MISSING,Missing,MISSING,Missing,MISSING,Missing,MISSING,Missing,MISSING,Missing,MISSING,string
apps_and_websites_off_of_facebook/connected_apps_and_websites.json,"{'installed_apps_v2': [{'name': 'string', 'added_timestamp': 'number', 'user_app_scoped_id': 'number', 'category': 'string', 'removed_timestamp': 'number'}]}",apps_and_websites_off_of_facebook,Missing,Missing,Missing,connected_apps_and_websites.json,installed_apps_v2,removed_timestamp,LIST,Missing,NO LIST,Missing,MISSING,Missing,MISSING,Missing,MISSING,Missing,MISSING,Missing,MISSING,Missing,MISSING,number
your_facebook_activity/events/your_event_invitation_links.json,"{'media': 'array', 'label_values': [{'label': 'string', 'value': 'string'}], 'fbid': 'string'}",your_facebook_activity,events,Missing,Missing,your_event_invitation_links.json,media,Missing,NO LIST,Missing,MISSING,Missing,MISSING,Missing,MISSING,Missing,MISSING,Missing,MISSING,Missing,MISSING,Missing,MISSING,array
your_facebook_activity/events/your_event_invitation_links.json,"{'media': 'array', 'label_values': [{'label': 'string', 'value': 'string'}], 'fbid': 'string'}",your_facebook_activity,events,Missing,Missing,your_event_invitation_links.json,label_values,label,LIST,Missing,NO LIST,Missing,MISSING,Missing,MISSING,Missing,MISSING,Missing,MISSING,Missing,MISSING,Missing,MISSING,string
your_facebook_activity/events/your_event_invitation_links.json,"{'media': 'array', 'label_values': [{'label': 'string', 'value': 'string'}], 'fbid': 'string'}",your_facebook_activity,events,Missing,Missing,your_event_invitation_links.json,label_values,value,LIST,Missing,NO LIST,Missing,MISSING,Missing,MISSING,Missing,MISSING,Missing,MISSING,Missing,MISSING,Missing,MISSING,string
your_facebook_activity/events/your_event_invitation_links.json,"{'media': 'array', 'label_values': [{'label': 'string', 'value': 'string'}], 'fbid': 'string'}",your_facebook_activity,events,Missing,Missing,your_event_invitation_links.json,fbid,Missing,NO LIST,Missing,MISSING,Missing,MISSING,Missing,MISSING,Missing,MISSING,Missing,MISSING,Missing,MISSING,Missing,MISSING,string
your_facebook_activity/events/event_invitations.json,"{'events_invited_v2': [{'name': 'string', 'start_timestamp': 'number', 'end_timestamp': 'number'}]}",your_facebook_activity,events,Missing,Missing,event_invitations.json,events_invited_v2,name,LIST,Missing,NO LIST,Missing,MISSING,Missing,MISSING,Missing,MISSING,Missing,MISSING,Missing,MISSING,Missing,MISSING,string
your_facebook_activity/events/event_invitations.json,"{'events_invited_v2': [{'name': 'string', 'start_timestamp': 'number', 'end_timestamp': 'number'}]}",your_facebook_activity,events,Missing,Missing,event_invitations.json,events_invited_v2,start_timestamp,LIST,Missing,NO LIST,Missing,MISSING,Missing,MISSING,Missing,MISSING,Missing,MISSING,Missing,MISSING,Missing,MISSING,number
your_facebook_activity/events/event_invitations.json,"{'events_invited_v2': [{'name': 'string', 'start_timestamp': 'number', 'end_timestamp': 'number'}]}",your_facebook_activity,events,Missing,Missing,event_invitations.json,events_invited_v2,end_timestamp,LIST,Missing,NO LIST,Missing,MISSING,Missing,MISSING,Missing,MISSING,Missing,MISSING,Missing,MISSING,Missing,MISSING,number
your_facebook_activity/facebook_gaming/bookmark_and_app_settings.json,"{'timestamp': 'number', 'media': 'array', 'label_values': [{'label': 'string'}], 'fbid': 'string'}",your_facebook_activity,facebook_gaming,Missing,Missing,bookmark_and_app_settings.json,timestamp,Missing,NO LIST,Missing,MISSING,Missing,MISSING,Missing,MISSING,Missing,MISSING,Missing,MISSING,Missing,MISSING,Missing,MISSING,number
your_facebook_activity/facebook_gaming/bookmark_and_app_settings.json,"{'timestamp': 'number', 'media': 'array', 'label_values': [{'label': 'string'}], 'fbid': 'string'}",your_facebook_activity,facebook_gaming,Missing,Missing,bookmark_and_app_settings.json,media,Missing,NO LIST,Missing,MISSING,Missing,MISSING,Missing,MISSING,Missing,MISSING,Missing,MISSING,Missing,MISSING,Missing,MISSING,array
your_facebook_activity/facebook_gaming/bookmark_and_app_settings.json,"{'timestamp': 'number', 'media': 'array', 'label_values': [{'label': 'string'}], 'fbid': 'string'}",your_facebook_activity,facebook_gaming,Missing,Missing,bookmark_and_app_settings.json,label_values,label,LIST,Missing,NO LIST,Missing,MISSING,Missing,MISSING,Missing,MISSING,Missing,MISSING,Missing,MISSING,Missing,MISSING,string
your_facebook_activity/facebook_gaming/bookmark_and_app_settings.json,"{'timestamp': 'number', 'media': 'array', 'label_values': [{'label': 'string'}], 'fbid': 'string'}",your_facebook_activity,facebook_gaming,Missing,Missing,bookmark_and_app_settings.json,fbid,Missing,NO LIST,Missing,MISSING,Missing,MISSING,Missing,MISSING,Missing,MISSING,Missing,MISSING,Missing,MISSING,Missing,MISSING,string
your_facebook_activity/facebook_gaming/gaming_tab_notifications.json,"{'media': 'array', 'label_values': [{'label': 'string', 'dict': [{'label': 'string', 'timestamp_value': 'number'}]}], 'fbid': 'string'}",your_facebook_activity,facebook_gaming,Missing,Missing,gaming_tab_notifications.json,media,Missing,NO LIST,Missing,MISSING,Missing,MISSING,Missing,MISSING,Missing,MISSING,Missing,MISSING,Missing,MISSING,Missing,MISSING,array
your_facebook_activity/facebook_gaming/gaming_tab_notifications.json,"{'media': 'array', 'label_values': [{'label': 'string', 'dict': [{'label': 'string', 'timestamp_value': 'number'}]}], 'fbid': 'string'}",your_facebook_activity,facebook_gaming,Missing,Missing,gaming_tab_notifications.json,label_values,label,LIST,Missing,NO LIST,Missing,MISSING,Missing,MISSING,Missing,MISSING,Missing,MISSING,Missing,MISSING,Missing,MISSING,string
your_facebook_activity/facebook_gaming/gaming_tab_notifications.json,"{'media': 'array', 'label_values': [{'label': 'string', 'dict': [{'label': 'string', 'timestamp_value': 'number'}]}], 'fbid': 'string'}",your_facebook_activity,facebook_gaming,Missing,Missing,gaming_tab_notifications.json,label_values,Missing,LIST,label,LIST,Missing,NO LIST,Missing,MISSING,Missing,MISSING,Missing,MISSING,Missing,MISSING,Missing,MISSING,string
your_facebook_activity/facebook_gaming/gaming_tab_notifications.json,"{'media': 'array', 'label_values': [{'label': 'string', 'dict': [{'label': 'string', 'timestamp_value': 'number'}]}], 'fbid': 'string'}",your_facebook_activity,facebook_gaming,Missing,Missing,gaming_tab_notifications.json,label_values,Missing,LIST,timestamp_value,LIST,Missing,NO LIST,Missing,MISSING,Missing,MISSING,Missing,MISSING,Missing,MISSING,Missing,MISSING,number
your_facebook_activity/facebook_gaming/gaming_tab_notifications.json,"{'media': 'array', 'label_values': [{'label': 'string', 'dict': [{'label': 'string', 'timestamp_value': 'number'}]}], 'fbid': 'string'}",your_facebook_activity,facebook_gaming,Missing,Missing,gaming_tab_notifications.json,fbid,Missing,NO LIST,Missing,MISSING,Missing,MISSING,Missing,MISSING,Missing,MISSING,Missing,MISSING,Missing,MISSING,Missing,MISSING,string
your_facebook_activity/facebook_marketplace/your_transaction_survey_information.json,"{'media': 'array', 'label_values': [{'label': 'string', 'value': 'string'}], 'fbid': 'string'}",your_facebook_activity,facebook_marketplace,Missing,Missing,your_transaction_survey_information.json,media,Missing,NO LIST,Missing,MISSING,Missing,MISSING,Missing,MISSING,Missing,MISSING,Missing,MISSING,Missing,MISSING,Missing,MISSING,array
your_facebook_activity/facebook_marketplace/your_transaction_survey_information.json,"{'media': 'array', 'label_values': [{'label': 'string', 'value': 'string'}], 'fbid': 'string'}",your_facebook_activity,facebook_marketplace,Missing,Missing,your_transaction_survey_information.json,label_values,label,LIST,Missing,NO LIST,Missing,MISSING,Missing,MISSING,Missing,MISSING,Missing,MISSING,Missing,MISSING,Missing,MISSING,string
your_facebook_activity/facebook_marketplace/your_transaction_survey_information.json,"{'media': 'array', 'label_values': [{'label': 'string', 'value': 'string'}], 'fbid': 'string'}",your_facebook_activity,facebook_marketplace,Missing,Missing,your_transaction_survey_information.json,label_values,value,LIST,Missing,NO LIST,Missing,MISSING,Missing,MISSING,Missing,MISSING,Missing,MISSING,Missing,MISSING,Missing,MISSING,string
your_facebook_activity/facebook_marketplace/your_transaction_survey_information.json,"{'media': 'array', 'label_values': [{'label': 'string', 'value': 'string'}], 'fbid': 'string'}",your_facebook_activity,facebook_marketplace,Missing,Missing,your_transaction_survey_information.json,fbid,Missing,NO LIST,Missing,MISSING,Missing,MISSING,Missing,MISSING,Missing,MISSING,Missing,MISSING,Missing,MISSING,Missing,MISSING,string
your_facebook_activity/facebook_marketplace/how_active_we_think_you_are_on_marketplace.json,"{'media': 'array', 'label_values': [{'label': 'string', 'value': 'string'}], 'fbid': 'string'}",your_facebook_activity,facebook_marketplace,Missing,Missing,how_active_we_think_you_are_on_marketplace.json,media,Missing,NO LIST,Missing,MISSING,Missing,MISSING,Missing,MISSING,Missing,MISSING,Missing,MISSING,Missing,MISSING,Missing,MISSING,array
your_facebook_activity/facebook_marketplace/how_active_we_think_you_are_on_marketplace.json,"{'media': 'array', 'label_values': [{'label': 'string', 'value': 'string'}], 'fbid': 'string'}",your_facebook_activity,facebook_marketplace,Missing,Missing,how_active_we_think_you_are_on_marketplace.json,label_values,label,LIST,Missing,NO LIST,Missing,MISSING,Missing,MISSING,Missing,MISSING,Missing,MISSING,Missing,MISSING,Missing,MISSING,string
your_facebook_activity/facebook_marketplace/how_active_we_think_you_are_on_marketplace.json,"{'media': 'array', 'label_values': [{'label': 'string', 'value': 'string'}], 'fbid': 'string'}",your_facebook_activity,facebook_marketplace,Missing,Missing,how_active_we_think_you_are_on_marketplace.json,label_values,value,LIST,Missing,NO LIST,Missing,MISSING,Missing,MISSING,Missing,MISSING,Missing,MISSING,Missing,MISSING,Missing,MISSING,string
your_facebook_activity/facebook_marketplace/how_active_we_think_you_are_on_marketplace.json,"{'media': 'array', 'label_values': [{'label': 'string', 'value': 'string'}], 'fbid': 'string'}",your_facebook_activity,facebook_marketplace,Missing,Missing,how_active_we_think_you_are_on_marketplace.json,fbid,Missing,NO LIST,Missing,MISSING,Missing,MISSING,Missing,MISSING,Missing,MISSING,Missing,MISSING,Missing,MISSING,Missing,MISSING,string
your_facebook_activity/facebook_marketplace/your_marketplace_device_history.json,"{'media': 'array', 'label_values': [{'label': 'string', 'value': 'string'}], 'fbid': 'string'}",your_facebook_activity,facebook_marketplace,Missing,Missing,your_marketplace_device_history.json,media,Missing,NO LIST,Missing,MISSING,Missing,MISSING,Missing,MISSING,Missing,MISSING,Missing,MISSING,Missing,MISSING,Missing,MISSING,array
your_facebook_activity/facebook_marketplace/your_marketplace_device_history.json,"{'media': 'array', 'label_values': [{'label': 'string', 'value': 'string'}], 'fbid': 'string'}",your_facebook_activity,facebook_marketplace,Missing,Missing,your_marketplace_device_history.json,label_values,label,LIST,Missing,NO LIST,Missing,MISSING,Missing,MISSING,Missing,MISSING,Missing,MISSING,Missing,MISSING,Missing,MISSING,string
your_facebook_activity/facebook_marketplace/your_marketplace_device_history.json,"{'media': 'array', 'label_values': [{'label': 'string', 'value': 'string'}], 'fbid': 'string'}",your_facebook_activity,facebook_marketplace,Missing,Missing,your_marketplace_device_history.json,label_values,value,LIST,Missing,NO LIST,Missing,MISSING,Missing,MISSING,Missing,MISSING,Missing,MISSING,Missing,MISSING,Missing,MISSING,string
your_facebook_activity/facebook_marketplace/your_marketplace_device_history.json,"{'media': 'array', 'label_values': [{'label': 'string', 'value': 'string'}], 'fbid': 'string'}",your_facebook_activity,facebook_marketplace,Missing,Missing,your_marketplace_device_history.json,fbid,Missing,NO LIST,Missing,MISSING,Missing,MISSING,Missing,MISSING,Missing,MISSING,Missing,MISSING,Missing,MISSING,Missing,MISSING,string
your_facebook_activity/facebook_marketplace/your_marketplace_listing_history.json,"{'media': 'array', 'label_values': [{'label': 'string', 'timestamp_value': 'number'}], 'fbid': 'string'}",your_facebook_activity,facebook_marketplace,Missing,Missing,your_marketplace_listing_history.json,media,Missing,NO LIST,Missing,MISSING,Missing,MISSING,Missing,MISSING,Missing,MISSING,Missing,MISSING,Missing,MISSING,Missing,MISSING,array
your_facebook_activity/facebook_marketplace/your_marketplace_listing_history.json,"{'media': 'array', 'label_values': [{'label': 'string', 'timestamp_value': 'number'}], 'fbid': 'string'}",your_facebook_activity,facebook_marketplace,Missing,Missing,your_marketplace_listing_history.json,label_values,label,LIST,Missing,NO LIST,Missing,MISSING,Missing,MISSING,Missing,MISSING,Missing,MISSING,Missing,MISSING,Missing,MISSING,string
your_facebook_activity/facebook_marketplace/your_marketplace_listing_history.json,"{'media': 'array', 'label_values': [{'label': 'string', 'timestamp_value': 'number'}], 'fbid': 'string'}",your_facebook_activity,facebook_marketplace,Missing,Missing,your_marketplace_listing_history.json,label_values,timestamp_value,LIST,Missing,NO LIST,Missing,MISSING,Missing,MISSING,Missing,MISSING,Missing,MISSING,Missing,MISSING,Missing,MISSING,number
your_facebook_activity/facebook_marketplace/your_marketplace_listing_history.json,"{'media': 'array', 'label_values': [{'label': 'string', 'timestamp_value': 'number'}], 'fbid': 'string'}",your_facebook_activity,facebook_marketplace,Missing,Missing,your_marketplace_listing_history.json,fbid,Missing,NO LIST,Missing,MISSING,Missing,MISSING,Missing,MISSING,Missing,MISSING,Missing,MISSING,Missing,MISSING,Missing,MISSING,string
your_facebook_activity/facebook_marketplace/settings.json,"{'timestamp': 'number', 'media': 'array', 'label_values': [{'label': 'string', 'value': 'string'}], 'fbid': 'string'}",your_facebook_activity,facebook_marketplace,Missing,Missing,settings.json,timestamp,Missing,NO LIST,Missing,MISSING,Missing,MISSING,Missing,MISSING,Missing,MISSING,Missing,MISSING,Missing,MISSING,Missing,MISSING,number
your_facebook_activity/facebook_marketplace/settings.json,"{'timestamp': 'number', 'media': 'array', 'label_values': [{'label': 'string', 'value': 'string'}], 'fbid': 'string'}",your_facebook_activity,facebook_marketplace,Missing,Missing,settings.json,media,Missing,NO LIST,Missing,MISSING,Missing,MISSING,Missing,MISSING,Missing,MISSING,Missing,MISSING,Missing,MISSING,Missing,MISSING,array
your_facebook_activity/facebook_marketplace/settings.json,"{'timestamp': 'number', 'media': 'array', 'label_values': [{'label': 'string', 'value': 'string'}], 'fbid': 'string'}",your_facebook_activity,facebook_marketplace,Missing,Missing,settings.json,label_values,label,LIST,Missing,NO LIST,Missing,MISSING,Missing,MISSING,Missing,MISSING,Missing,MISSING,Missing,MISSING,Missing,MISSING,string
your_facebook_activity/facebook_marketplace/settings.json,"{'timestamp': 'number', 'media': 'array', 'label_values': [{'label': 'string', 'value': 'string'}], 'fbid': 'string'}",your_facebook_activity,facebook_marketplace,Missing,Missing,settings.json,label_values,value,LIST,Missing,NO LIST,Missing,MISSING,Missing,MISSING,Missing,MISSING,Missing,MISSING,Missing,MISSING,Missing,MISSING,string
your_facebook_activity/facebook_marketplace/settings.json,"{'timestamp': 'number', 'media': 'array', 'label_values': [{'label': 'string', 'value': 'string'}], 'fbid': 'string'}",your_facebook_activity,facebook_marketplace,Missing,Missing,settings.json,fbid,Missing,NO LIST,Missing,MISSING,Missing,MISSING,Missing,MISSING,Missing,MISSING,Missing,MISSING,Missing,MISSING,Missing,MISSING,string
your_facebook_activity/facebook_marketplace/your_notification_status.json,"{'media': 'array', 'label_values': [{'label': 'string', 'timestamp_value': 'number'}], 'fbid': 'string'}",your_facebook_activity,facebook_marketplace,Missing,Missing,your_notification_status.json,media,Missing,NO LIST,Missing,MISSING,Missing,MISSING,Missing,MISSING,Missing,MISSING,Missing,MISSING,Missing,MISSING,Missing,MISSING,array
your_facebook_activity/facebook_marketplace/your_notification_status.json,"{'media': 'array', 'label_values': [{'label': 'string', 'timestamp_value': 'number'}], 'fbid': 'string'}",your_facebook_activity,facebook_marketplace,Missing,Missing,your_notification_status.json,label_values,label,LIST,Missing,NO LIST,Missing,MISSING,Missing,MISSING,Missing,MISSING,Missing,MISSING,Missing,MISSING,Missing,MISSING,string
your_facebook_activity/facebook_marketplace/your_notification_status.json,"{'media': 'array', 'label_values': [{'label': 'string', 'timestamp_value': 'number'}], 'fbid': 'string'}",your_facebook_activity,facebook_marketplace,Missing,Missing,your_notification_status.json,label_values,timestamp_value,LIST,Missing,NO LIST,Missing,MISSING,Missing,MISSING,Missing,MISSING,Missing,MISSING,Missing,MISSING,Missing,MISSING,number
your_facebook_activity/facebook_marketplace/your_notification_status.json,"{'media': 'array', 'label_values': [{'label': 'string', 'timestamp_value': 'number'}], 'fbid': 'string'}",your_facebook_activity,facebook_marketplace,Missing,Missing,your_notification_status.json,fbid,Missing,NO LIST,Missing,MISSING,Missing,MISSING,Missing,MISSING,Missing,MISSING,Missing,MISSING,Missing,MISSING,Missing,MISSING,string
your_facebook_activity/facebook_marketplace/for-sale_group_preferences.json,"{'timestamp': 'number', 'media': 'array', 'label_values': [{'label': 'string', 'timestamp_value': 'number'}], 'fbid': 'string'}",your_facebook_activity,facebook_marketplace,Missing,Missing,for-sale_group_preferences.json,timestamp,Missing,NO LIST,Missing,MISSING,Missing,MISSING,Missing,MISSING,Missing,MISSING,Missing,MISSING,Missing,MISSING,Missing,MISSING,number
your_facebook_activity/facebook_marketplace/for-sale_group_preferences.json,"{'timestamp': 'number', 'media': 'array', 'label_values': [{'label': 'string', 'timestamp_value': 'number'}], 'fbid': 'string'}",your_facebook_activity,facebook_marketplace,Missing,Missing,for-sale_group_preferences.json,media,Missing,NO LIST,Missing,MISSING,Missing,MISSING,Missing,MISSING,Missing,MISSING,Missing,MISSING,Missing,MISSING,Missing,MISSING,array
your_facebook_activity/facebook_marketplace/for-sale_group_preferences.json,"{'timestamp': 'number', 'media': 'array', 'label_values': [{'label': 'string', 'timestamp_value': 'number'}], 'fbid': 'string'}",your_facebook_activity,facebook_marketplace,Missing,Missing,for-sale_group_preferences.json,label_values,label,LIST,Missing,NO LIST,Missing,MISSING,Missing,MISSING,Missing,MISSING,Missing,MISSING,Missing,MISSING,Missing,MISSING,string
your_facebook_activity/facebook_marketplace/for-sale_group_preferences.json,"{'timestamp': 'number', 'media': 'array', 'label_values': [{'label': 'string', 'timestamp_value': 'number'}], 'fbid': 'string'}",your_facebook_activity,facebook_marketplace,Missing,Missing,for-sale_group_preferences.json,label_values,timestamp_value,LIST,Missing,NO LIST,Missing,MISSING,Missing,MISSING,Missing,MISSING,Missing,MISSING,Missing,MISSING,Missing,MISSING,number
your_facebook_activity/facebook_marketplace/for-sale_group_preferences.json,"{'timestamp': 'number', 'media': 'array', 'label_values': [{'label': 'string', 'timestamp_value': 'number'}], 'fbid': 'string'}",your_facebook_activity,facebook_marketplace,Missing,Missing,for-sale_group_preferences.json,fbid,Missing,NO LIST,Missing,MISSING,Missing,MISSING,Missing,MISSING,Missing,MISSING,Missing,MISSING,Missing,MISSING,Missing,MISSING,string
your_facebook_activity/facebook_marketplace/your_marketplace_assistant_settings.json,"{'media': 'array', 'label_values': [{'label': 'string', 'value': 'string'}], 'fbid': 'string'}",your_facebook_activity,facebook_marketplace,Missing,Missing,your_marketplace_assistant_settings.json,media,Missing,NO LIST,Missing,MISSING,Missing,MISSING,Missing,MISSING,Missing,MISSING,Missing,MISSING,Missing,MISSING,Missing,MISSING,array
your_facebook_activity/facebook_marketplace/your_marketplace_assistant_settings.json,"{'media': 'array', 'label_values': [{'label': 'string', 'value': 'string'}], 'fbid': 'string'}",your_facebook_activity,facebook_marketplace,Missing,Missing,your_marketplace_assistant_settings.json,label_values,label,LIST,Missing,NO LIST,Missing,MISSING,Missing,MISSING,Missing,MISSING,Missing,MISSING,Missing,MISSING,Missing,MISSING,string
your_facebook_activity/facebook_marketplace/your_marketplace_assistant_settings.json,"{'media': 'array', 'label_values': [{'label': 'string', 'value': 'string'}], 'fbid': 'string'}",your_facebook_activity,facebook_marketplace,Missing,Missing,your_marketplace_assistant_settings.json,label_values,value,LIST,Missing,NO LIST,Missing,MISSING,Missing,MISSING,Missing,MISSING,Missing,MISSING,Missing,MISSING,Missing,MISSING,string
your_facebook_activity/facebook_marketplace/your_marketplace_assistant_settings.json,"{'media': 'array', 'label_values': [{'label': 'string', 'value': 'string'}], 'fbid': 'string'}",your_facebook_activity,facebook_marketplace,Missing,Missing,your_marketplace_assistant_settings.json,fbid,Missing,NO LIST,Missing,MISSING,Missing,MISSING,Missing,MISSING,Missing,MISSING,Missing,MISSING,Missing,MISSING,Missing,MISSING,string
your_facebook_activity/fundraisers/fundraiser_posts_you_likely_viewed.json,"{'media': 'array', 'label_values': [{'label': 'string', 'value': 'string'}], 'fbid': 'string'}",your_facebook_activity,fundraisers,Missing,Missing,fundraiser_posts_you_likely_viewed.json,media,Missing,NO LIST,Missing,MISSING,Missing,MISSING,Missing,MISSING,Missing,MISSING,Missing,MISSING,Missing,MISSING,Missing,MISSING,array
your_facebook_activity/fundraisers/fundraiser_posts_you_likely_viewed.json,"{'media': 'array', 'label_values': [{'label': 'string', 'value': 'string'}], 'fbid': 'string'}",your_facebook_activity,fundraisers,Missing,Missing,fundraiser_posts_you_likely_viewed.json,label_values,label,LIST,Missing,NO LIST,Missing,MISSING,Missing,MISSING,Missing,MISSING,Missing,MISSING,Missing,MISSING,Missing,MISSING,string
your_facebook_activity/fundraisers/fundraiser_posts_you_likely_viewed.json,"{'media': 'array', 'label_values': [{'label': 'string', 'value': 'string'}], 'fbid': 'string'}",your_facebook_activity,fundraisers,Missing,Missing,fundraiser_posts_you_likely_viewed.json,label_values,value,LIST,Missing,NO LIST,Missing,MISSING,Missing,MISSING,Missing,MISSING,Missing,MISSING,Missing,MISSING,Missing,MISSING,string
your_facebook_activity/fundraisers/fundraiser_posts_you_likely_viewed.json,"{'media': 'array', 'label_values': [{'label': 'string', 'value': 'string'}], 'fbid': 'string'}",your_facebook_activity,fundraisers,Missing,Missing,fundraiser_posts_you_likely_viewed.json,fbid,Missing,NO LIST,Missing,MISSING,Missing,MISSING,Missing,MISSING,Missing,MISSING,Missing,MISSING,Missing,MISSING,Missing,MISSING,string
your_facebook_activity/fundraisers/your_fundraiser_donations_information.json,"{'media': 'array', 'label_values': [{'label': 'string', 'value': 'string'}], 'fbid': 'string'}",your_facebook_activity,fundraisers,Missing,Missing,your_fundraiser_donations_information.json,media,Missing,NO LIST,Missing,MISSING,Missing,MISSING,Missing,MISSING,Missing,MISSING,Missing,MISSING,Missing,MISSING,Missing,MISSING,array
your_facebook_activity/fundraisers/your_fundraiser_donations_information.json,"{'media': 'array', 'label_values': [{'label': 'string', 'value': 'string'}], 'fbid': 'string'}",your_facebook_activity,fundraisers,Missing,Missing,your_fundraiser_donations_information.json,label_values,label,LIST,Missing,NO LIST,Missing,MISSING,Missing,MISSING,Missing,MISSING,Missing,MISSING,Missing,MISSING,Missing,MISSING,string
your_facebook_activity/fundraisers/your_fundraiser_donations_information.json,"{'media': 'array', 'label_values': [{'label': 'string', 'value': 'string'}], 'fbid': 'string'}",your_facebook_activity,fundraisers,Missing,Missing,your_fundraiser_donations_information.json,label_values,value,LIST,Missing,NO LIST,Missing,MISSING,Missing,MISSING,Missing,MISSING,Missing,MISSING,Missing,MISSING,Missing,MISSING,string
your_facebook_activity/fundraisers/your_fundraiser_donations_information.json,"{'media': 'array', 'label_values': [{'label': 'string', 'value': 'string'}], 'fbid': 'string'}",your_facebook_activity,fundraisers,Missing,Missing,your_fundraiser_donations_information.json,fbid,Missing,NO LIST,Missing,MISSING,Missing,MISSING,Missing,MISSING,Missing,MISSING,Missing,MISSING,Missing,MISSING,Missing,MISSING,string
your_facebook_activity/fundraisers/your_fundraiser_settings.json,"{'media': 'array', 'label_values': [{'label': 'string', 'value': 'string'}], 'fbid': 'string'}",your_facebook_activity,fundraisers,Missing,Missing,your_fundraiser_settings.json,media,Missing,NO LIST,Missing,MISSING,Missing,MISSING,Missing,MISSING,Missing,MISSING,Missing,MISSING,Missing,MISSING,Missing,MISSING,array
your_facebook_activity/fundraisers/your_fundraiser_settings.json,"{'media': 'array', 'label_values': [{'label': 'string', 'value': 'string'}], 'fbid': 'string'}",your_facebook_activity,fundraisers,Missing,Missing,your_fundraiser_settings.json,label_values,label,LIST,Missing,NO LIST,Missing,MISSING,Missing,MISSING,Missing,MISSING,Missing,MISSING,Missing,MISSING,Missing,MISSING,string
your_facebook_activity/fundraisers/your_fundraiser_settings.json,"{'media': 'array', 'label_values': [{'label': 'string', 'value': 'string'}], 'fbid': 'string'}",your_facebook_activity,fundraisers,Missing,Missing,your_fundraiser_settings.json,label_values,value,LIST,Missing,NO LIST,Missing,MISSING,Missing,MISSING,Missing,MISSING,Missing,MISSING,Missing,MISSING,Missing,MISSING,string
your_facebook_activity/fundraisers/your_fundraiser_settings.json,"{'media': 'array', 'label_values': [{'label': 'string', 'value': 'string'}], 'fbid': 'string'}",your_facebook_activity,fundraisers,Missing,Missing,your_fundraiser_settings.json,fbid,Missing,NO LIST,Missing,MISSING,Missing,MISSING,Missing,MISSING,Missing,MISSING,Missing,MISSING,Missing,MISSING,Missing,MISSING,string
your_facebook_activity/groups/your_settings_for_groups_tab.json,"{'media': 'array', 'label_values': [{'label': 'string', 'value': 'string'}], 'fbid': 'string'}",your_facebook_activity,groups,Missing,Missing,your_settings_for_groups_tab.json,media,Missing,NO LIST,Missing,MISSING,Missing,MISSING,Missing,MISSING,Missing,MISSING,Missing,MISSING,Missing,MISSING,Missing,MISSING,array
your_facebook_activity/groups/your_settings_for_groups_tab.json,"{'media': 'array', 'label_values': [{'label': 'string', 'value': 'string'}], 'fbid': 'string'}",your_facebook_activity,groups,Missing,Missing,your_settings_for_groups_tab.json,label_values,label,LIST,Missing,NO LIST,Missing,MISSING,Missing,MISSING,Missing,MISSING,Missing,MISSING,Missing,MISSING,Missing,MISSING,string
your_facebook_activity/groups/your_settings_for_groups_tab.json,"{'media': 'array', 'label_values': [{'label': 'string', 'value': 'string'}], 'fbid': 'string'}",your_facebook_activity,groups,Missing,Missing,your_settings_for_groups_tab.json,label_values,value,LIST,Missing,NO LIST,Missing,MISSING,Missing,MISSING,Missing,MISSING,Missing,MISSING,Missing,MISSING,Missing,MISSING,string
your_facebook_activity/groups/your_settings_for_groups_tab.json,"{'media': 'array', 'label_values': [{'label': 'string', 'value': 'string'}], 'fbid': 'string'}",your_facebook_activity,groups,Missing,Missing,your_settings_for_groups_tab.json,fbid,Missing,NO LIST,Missing,MISSING,Missing,MISSING,Missing,MISSING,Missing,MISSING,Missing,MISSING,Missing,MISSING,Missing,MISSING,string
your_facebook_activity/groups/your_group_membership_activity.json,"{'groups_joined_v2': [{'timestamp': 'number', 'data': [{'name': 'string'}], 'title': 'string'}]}",your_facebook_activity,groups,Missing,Missing,your_group_membership_activity.json,groups_joined_v2,timestamp,LIST,Missing,NO LIST,Missing,MISSING,Missing,MISSING,Missing,MISSING,Missing,MISSING,Missing,MISSING,Missing,MISSING,number
your_facebook_activity/groups/your_group_membership_activity.json,"{'groups_joined_v2': [{'timestamp': 'number', 'data': [{'name': 'string'}], 'title': 'string'}]}",your_facebook_activity,groups,Missing,Missing,your_group_membership_activity.json,groups_joined_v2,data,LIST,name,LIST,Missing,NO LIST,Missing,MISSING,Missing,MISSING,Missing,MISSING,Missing,MISSING,Missing,MISSING,string
your_facebook_activity/groups/your_group_membership_activity.json,"{'groups_joined_v2': [{'timestamp': 'number', 'data': [{'name': 'string'}], 'title': 'string'}]}",your_facebook_activity,groups,Missing,Missing,your_group_membership_activity.json,groups_joined_v2,title,LIST,Missing,NO LIST,Missing,MISSING,Missing,MISSING,Missing,MISSING,Missing,MISSING,Missing,MISSING,Missing,MISSING,string
your_facebook_activity/comments_and_reactions/comments.json,"{'comments_v2': [{'timestamp': 'number', 'data': [{'comment': {'timestamp': 'number', 'comment': 'string', 'author': 'string'}}], 'title': 'string'}]}",your_facebook_activity,comments_and_reactions,Missing,Missing,comments.json,comments_v2,timestamp,LIST,Missing,NO LIST,Missing,MISSING,Missing,MISSING,Missing,MISSING,Missing,MISSING,Missing,MISSING,Missing,MISSING,number
your_facebook_activity/comments_and_reactions/comments.json,"{'comments_v2': [{'timestamp': 'number', 'data': [{'comment': {'timestamp': 'number', 'comment': 'string', 'author': 'string'}}], 'title': 'string'}]}",your_facebook_activity,comments_and_reactions,Missing,Missing,comments.json,comments_v2,data,LIST,comment,LIST,timestamp,NO LIST,Missing,NO LIST,Missing,MISSING,Missing,MISSING,Missing,MISSING,Missing,MISSING,number
your_facebook_activity/comments_and_reactions/comments.json,"{'comments_v2': [{'timestamp': 'number', 'data': [{'comment': {'timestamp': 'number', 'comment': 'string', 'author': 'string'}}], 'title': 'string'}]}",your_facebook_activity,comments_and_reactions,Missing,Missing,comments.json,comments_v2,data,LIST,comment,LIST,comment,NO LIST,Missing,NO LIST,Missing,MISSING,Missing,MISSING,Missing,MISSING,Missing,MISSING,string
your_facebook_activity/comments_and_reactions/comments.json,"{'comments_v2': [{'timestamp': 'number', 'data': [{'comment': {'timestamp': 'number', 'comment': 'string', 'author': 'string'}}], 'title': 'string'}]}",your_facebook_activity,comments_and_reactions,Missing,Missing,comments.json,comments_v2,data,LIST,comment,LIST,author,NO LIST,Missing,NO LIST,Missing,MISSING,Missing,MISSING,Missing,MISSING,Missing,MISSING,string
your_facebook_activity/comments_and_reactions/comments.json,"{'comments_v2': [{'timestamp': 'number', 'data': [{'comment': {'timestamp': 'number', 'comment': 'string', 'author': 'string'}}], 'title': 'string'}]}",your_facebook_activity,comments_and_reactions,Missing,Missing,comments.json,comments_v2,title,LIST,Missing,NO LIST,Missing,MISSING,Missing,MISSING,Missing,MISSING,Missing,MISSING,Missing,MISSING,Missing,MISSING,string
your_facebook_activity/comments_and_reactions/likes_and_reactions_1.json,"{'timestamp': 'number', 'data': [{'reaction': {'reaction': 'string', 'actor': 'string'}}], 'title': 'string'}",your_facebook_activity,comments_and_reactions,Missing,Missing,likes_and_reactions_1.json,timestamp,Missing,NO LIST,Missing,MISSING,Missing,MISSING,Missing,MISSING,Missing,MISSING,Missing,MISSING,Missing,MISSING,Missing,MISSING,number
your_facebook_activity/comments_and_reactions/likes_and_reactions_1.json,"{'timestamp': 'number', 'data': [{'reaction': {'reaction': 'string', 'actor': 'string'}}], 'title': 'string'}",your_facebook_activity,comments_and_reactions,Missing,Missing,likes_and_reactions_1.json,data,reaction,LIST,reaction,NO LIST,Missing,NO LIST,Missing,MISSING,Missing,MISSING,Missing,MISSING,Missing,MISSING,Missing,MISSING,string
your_facebook_activity/comments_and_reactions/likes_and_reactions_1.json,"{'timestamp': 'number', 'data': [{'reaction': {'reaction': 'string', 'actor': 'string'}}], 'title': 'string'}",your_facebook_activity,comments_and_reactions,Missing,Missing,likes_and_reactions_1.json,data,reaction,LIST,actor,NO LIST,Missing,NO LIST,Missing,MISSING,Missing,MISSING,Missing,MISSING,Missing,MISSING,Missing,MISSING,string
your_facebook_activity/comments_and_reactions/likes_and_reactions_1.json,"{'timestamp': 'number', 'data': [{'reaction': {'reaction': 'string', 'actor': 'string'}}], 'title': 'string'}",your_facebook_activity,comments_and_reactions,Missing,Missing,likes_and_reactions_1.json,title,Missing,NO LIST,Missing,MISSING,Missing,MISSING,Missing,MISSING,Missing,MISSING,Missing,MISSING,Missing,MISSING,Missing,MISSING,string
your_facebook_activity/messages/messaging_settings.json,"{'media': 'array', 'label_values': [{'label': 'string', 'value': 'string'}], 'fbid': 'string'}",your_facebook_activity,messages,Missing,Missing,messaging_settings.json,media,Missing,NO LIST,Missing,MISSING,Missing,MISSING,Missing,MISSING,Missing,MISSING,Missing,MISSING,Missing,MISSING,Missing,MISSING,array
your_facebook_activity/messages/messaging_settings.json,"{'media': 'array', 'label_values': [{'label': 'string', 'value': 'string'}], 'fbid': 'string'}",your_facebook_activity,messages,Missing,Missing,messaging_settings.json,label_values,label,LIST,Missing,NO LIST,Missing,MISSING,Missing,MISSING,Missing,MISSING,Missing,MISSING,Missing,MISSING,Missing,MISSING,string
your_facebook_activity/messages/messaging_settings.json,"{'media': 'array', 'label_values': [{'label': 'string', 'value': 'string'}], 'fbid': 'string'}",your_facebook_activity,messages,Missing,Missing,messaging_settings.json,label_values,value,LIST,Missing,NO LIST,Missing,MISSING,Missing,MISSING,Missing,MISSING,Missing,MISSING,Missing,MISSING,Missing,MISSING,string
your_facebook_activity/messages/messaging_settings.json,"{'media': 'array', 'label_values': [{'label': 'string', 'value': 'string'}], 'fbid': 'string'}",your_facebook_activity,messages,Missing,Missing,messaging_settings.json,fbid,Missing,NO LIST,Missing,MISSING,Missing,MISSING,Missing,MISSING,Missing,MISSING,Missing,MISSING,Missing,MISSING,Missing,MISSING,string
your_facebook_activity/messages/messenger_active_status_settings.json,"{'media': 'array', 'label_values': [{'label': 'string', 'value': 'string'}], 'fbid': 'string'}",your_facebook_activity,messages,Missing,Missing,messenger_active_status_settings.json,media,Missing,NO LIST,Missing,MISSING,Missing,MISSING,Missing,MISSING,Missing,MISSING,Missing,MISSING,Missing,MISSING,Missing,MISSING,array
your_facebook_activity/messages/messenger_active_status_settings.json,"{'media': 'array', 'label_values': [{'label': 'string', 'value': 'string'}], 'fbid': 'string'}",your_facebook_activity,messages,Missing,Missing,messenger_active_status_settings.json,label_values,label,LIST,Missing,NO LIST,Missing,MISSING,Missing,MISSING,Missing,MISSING,Missing,MISSING,Missing,MISSING,Missing,MISSING,string
your_facebook_activity/messages/messenger_active_status_settings.json,"{'media': 'array', 'label_values': [{'label': 'string', 'value': 'string'}], 'fbid': 'string'}",your_facebook_activity,messages,Missing,Missing,messenger_active_status_settings.json,label_values,value,LIST,Missing,NO LIST,Missing,MISSING,Missing,MISSING,Missing,MISSING,Missing,MISSING,Missing,MISSING,Missing,MISSING,string
your_facebook_activity/messages/messenger_active_status_settings.json,"{'media': 'array', 'label_values': [{'label': 'string', 'value': 'string'}], 'fbid': 'string'}",your_facebook_activity,messages,Missing,Missing,messenger_active_status_settings.json,fbid,Missing,NO LIST,Missing,MISSING,Missing,MISSING,Missing,MISSING,Missing,MISSING,Missing,MISSING,Missing,MISSING,Missing,MISSING,string
your_facebook_activity/messages/messenger_active_status_platform_settings.json,"{'media': 'array', 'label_values': [{'label': 'string', 'value': 'string'}], 'fbid': 'string'}",your_facebook_activity,messages,Missing,Missing,messenger_active_status_platform_settings.json,media,Missing,NO LIST,Missing,MISSING,Missing,MISSING,Missing,MISSING,Missing,MISSING,Missing,MISSING,Missing,MISSING,Missing,MISSING,array
your_facebook_activity/messages/messenger_active_status_platform_settings.json,"{'media': 'array', 'label_values': [{'label': 'string', 'value': 'string'}], 'fbid': 'string'}",your_facebook_activity,messages,Missing,Missing,messenger_active_status_platform_settings.json,label_values,label,LIST,Missing,NO LIST,Missing,MISSING,Missing,MISSING,Missing,MISSING,Missing,MISSING,Missing,MISSING,Missing,MISSING,string
your_facebook_activity/messages/messenger_active_status_platform_settings.json,"{'media': 'array', 'label_values': [{'label': 'string', 'value': 'string'}], 'fbid': 'string'}",your_facebook_activity,messages,Missing,Missing,messenger_active_status_platform_settings.json,label_values,value,LIST,Missing,NO LIST,Missing,MISSING,Missing,MISSING,Missing,MISSING,Missing,MISSING,Missing,MISSING,Missing,MISSING,string
your_facebook_activity/messages/messenger_active_status_platform_settings.json,"{'media': 'array', 'label_values': [{'label': 'string', 'value': 'string'}], 'fbid': 'string'}",your_facebook_activity,messages,Missing,Missing,messenger_active_status_platform_settings.json,fbid,Missing,NO LIST,Missing,MISSING,Missing,MISSING,Missing,MISSING,Missing,MISSING,Missing,MISSING,Missing,MISSING,Missing,MISSING,string
your_facebook_activity/messages/your_messenger_app_install_information.json,"{'media': 'array', 'label_values': [{'label': 'string', 'value': 'string'}], 'fbid': 'string'}",your_facebook_activity,messages,Missing,Missing,your_messenger_app_install_information.json,media,Missing,NO LIST,Missing,MISSING,Missing,MISSING,Missing,MISSING,Missing,MISSING,Missing,MISSING,Missing,MISSING,Missing,MISSING,array
your_facebook_activity/messages/your_messenger_app_install_information.json,"{'media': 'array', 'label_values': [{'label': 'string', 'value': 'string'}], 'fbid': 'string'}",your_facebook_activity,messages,Missing,Missing,your_messenger_app_install_information.json,label_values,label,LIST,Missing,NO LIST,Missing,MISSING,Missing,MISSING,Missing,MISSING,Missing,MISSING,Missing,MISSING,Missing,MISSING,string
your_facebook_activity/messages/your_messenger_app_install_information.json,"{'media': 'array', 'label_values': [{'label': 'string', 'value': 'string'}], 'fbid': 'string'}",your_facebook_activity,messages,Missing,Missing,your_messenger_app_install_information.json,label_values,value,LIST,Missing,NO LIST,Missing,MISSING,Missing,MISSING,Missing,MISSING,Missing,MISSING,Missing,MISSING,Missing,MISSING,string
your_facebook_activity/messages/your_messenger_app_install_information.json,"{'media': 'array', 'label_values': [{'label': 'string', 'value': 'string'}], 'fbid': 'string'}",your_facebook_activity,messages,Missing,Missing,your_messenger_app_install_information.json,fbid,Missing,NO LIST,Missing,MISSING,Missing,MISSING,Missing,MISSING,Missing,MISSING,Missing,MISSING,Missing,MISSING,Missing,MISSING,string
your_facebook_activity/messages/messenger_ui_settings.json,"{'media': 'array', 'label_values': [{'label': 'string', 'value': 'string'}], 'fbid': 'string'}",your_facebook_activity,messages,Missing,Missing,messenger_ui_settings.json,media,Missing,NO LIST,Missing,MISSING,Missing,MISSING,Missing,MISSING,Missing,MISSING,Missing,MISSING,Missing,MISSING,Missing,MISSING,array
your_facebook_activity/messages/messenger_ui_settings.json,"{'media': 'array', 'label_values': [{'label': 'string', 'value': 'string'}], 'fbid': 'string'}",your_facebook_activity,messages,Missing,Missing,messenger_ui_settings.json,label_values,label,LIST,Missing,NO LIST,Missing,MISSING,Missing,MISSING,Missing,MISSING,Missing,MISSING,Missing,MISSING,Missing,MISSING,string
your_facebook_activity/messages/messenger_ui_settings.json,"{'media': 'array', 'label_values': [{'label': 'string', 'value': 'string'}], 'fbid': 'string'}",your_facebook_activity,messages,Missing,Missing,messenger_ui_settings.json,label_values,value,LIST,Missing,NO LIST,Missing,MISSING,Missing,MISSING,Missing,MISSING,Missing,MISSING,Missing,MISSING,Missing,MISSING,string
your_facebook_activity/messages/messenger_ui_settings.json,"{'media': 'array', 'label_values': [{'label': 'string', 'value': 'string'}], 'fbid': 'string'}",your_facebook_activity,messages,Missing,Missing,messenger_ui_settings.json,fbid,Missing,NO LIST,Missing,MISSING,Missing,MISSING,Missing,MISSING,Missing,MISSING,Missing,MISSING,Missing,MISSING,Missing,MISSING,string
your_facebook_activity/messages/autofill_information.json,"{'autofill_information_v2': {'CITY': ['string'], 'COUNTRY': ['string'], 'EMAIL': ['string'], 'PHONE': ['string'], 'GENDER': ['string'], 'SLIDER': ['string'], 'FIRST_NAME': ['string'], 'LAST_NAME': ['string'], 'FULL_NAME': ['string'], 'WORK_EMAIL': ['string'], 'WORK_PHONE': ['string']}}",your_facebook_activity,messages,Missing,Missing,autofill_information.json,autofill_information_v2,CITY,NO LIST,Missing,LIST,Missing,MISSING,Missing,MISSING,Missing,MISSING,Missing,MISSING,Missing,MISSING,Missing,MISSING,string
your_facebook_activity/messages/autofill_information.json,"{'autofill_information_v2': {'CITY': ['string'], 'COUNTRY': ['string'], 'EMAIL': ['string'], 'PHONE': ['string'], 'GENDER': ['string'], 'SLIDER': ['string'], 'FIRST_NAME': ['string'], 'LAST_NAME': ['string'], 'FULL_NAME': ['string'], 'WORK_EMAIL': ['string'], 'WORK_PHONE': ['string']}}",your_facebook_activity,messages,Missing,Missing,autofill_information.json,autofill_information_v2,COUNTRY,NO LIST,Missing,LIST,Missing,MISSING,Missing,MISSING,Missing,MISSING,Missing,MISSING,Missing,MISSING,Missing,MISSING,string
your_facebook_activity/messages/autofill_information.json,"{'autofill_information_v2': {'CITY': ['string'], 'COUNTRY': ['string'], 'EMAIL': ['string'], 'PHONE': ['string'], 'GENDER': ['string'], 'SLIDER': ['string'], 'FIRST_NAME': ['string'], 'LAST_NAME': ['string'], 'FULL_NAME': ['string'], 'WORK_EMAIL': ['string'], 'WORK_PHONE': ['string']}}",your_facebook_activity,messages,Missing,Missing,autofill_information.json,autofill_information_v2,EMAIL,NO LIST,Missing,LIST,Missing,MISSING,Missing,MISSING,Missing,MISSING,Missing,MISSING,Missing,MISSING,Missing,MISSING,string
your_facebook_activity/messages/autofill_information.json,"{'autofill_information_v2': {'CITY': ['string'], 'COUNTRY': ['string'], 'EMAIL': ['string'], 'PHONE': ['string'], 'GENDER': ['string'], 'SLIDER': ['string'], 'FIRST_NAME': ['string'], 'LAST_NAME': ['string'], 'FULL_NAME': ['string'], 'WORK_EMAIL': ['string'], 'WORK_PHONE': ['string']}}",your_facebook_activity,messages,Missing,Missing,autofill_information.json,autofill_information_v2,PHONE,NO LIST,Missing,LIST,Missing,MISSING,Missing,MISSING,Missing,MISSING,Missing,MISSING,Missing,MISSING,Missing,MISSING,string
your_facebook_activity/messages/autofill_information.json,"{'autofill_information_v2': {'CITY': ['string'], 'COUNTRY': ['string'], 'EMAIL': ['string'], 'PHONE': ['string'], 'GENDER': ['string'], 'SLIDER': ['string'], 'FIRST_NAME': ['string'], 'LAST_NAME': ['string'], 'FULL_NAME': ['string'], 'WORK_EMAIL': ['string'], 'WORK_PHONE': ['string']}}",your_facebook_activity,messages,Missing,Missing,autofill_information.json,autofill_information_v2,GENDER,NO LIST,Missing,LIST,Missing,MISSING,Missing,MISSING,Missing,MISSING,Missing,MISSING,Missing,MISSING,Missing,MISSING,string
your_facebook_activity/messages/autofill_information.json,"{'autofill_information_v2': {'CITY': ['string'], 'COUNTRY': ['string'], 'EMAIL': ['string'], 'PHONE': ['string'], 'GENDER': ['string'], 'SLIDER': ['string'], 'FIRST_NAME': ['string'], 'LAST_NAME': ['string'], 'FULL_NAME': ['string'], 'WORK_EMAIL': ['string'], 'WORK_PHONE': ['string']}}",your_facebook_activity,messages,Missing,Missing,autofill_information.json,autofill_information_v2,SLIDER,NO LIST,Missing,LIST,Missing,MISSING,Missing,MISSING,Missing,MISSING,Missing,MISSING,Missing,MISSING,Missing,MISSING,string
your_facebook_activity/messages/autofill_information.json,"{'autofill_information_v2': {'CITY': ['string'], 'COUNTRY': ['string'], 'EMAIL': ['string'], 'PHONE': ['string'], 'GENDER': ['string'], 'SLIDER': ['string'], 'FIRST_NAME': ['string'], 'LAST_NAME': ['string'], 'FULL_NAME': ['string'], 'WORK_EMAIL': ['string'], 'WORK_PHONE': ['string']}}",your_facebook_activity,messages,Missing,Missing,autofill_information.json,autofill_information_v2,FIRST_NAME,NO LIST,Missing,LIST,Missing,MISSING,Missing,MISSING,Missing,MISSING,Missing,MISSING,Missing,MISSING,Missing,MISSING,string
your_facebook_activity/messages/autofill_information.json,"{'autofill_information_v2': {'CITY': ['string'], 'COUNTRY': ['string'], 'EMAIL': ['string'], 'PHONE': ['string'], 'GENDER': ['string'], 'SLIDER': ['string'], 'FIRST_NAME': ['string'], 'LAST_NAME': ['string'], 'FULL_NAME': ['string'], 'WORK_EMAIL': ['string'], 'WORK_PHONE': ['string']}}",your_facebook_activity,messages,Missing,Missing,autofill_information.json,autofill_information_v2,LAST_NAME,NO LIST,Missing,LIST,Missing,MISSING,Missing,MISSING,Missing,MISSING,Missing,MISSING,Missing,MISSING,Missing,MISSING,string
your_facebook_activity/messages/autofill_information.json,"{'autofill_information_v2': {'CITY': ['string'], 'COUNTRY': ['string'], 'EMAIL': ['string'], 'PHONE': ['string'], 'GENDER': ['string'], 'SLIDER': ['string'], 'FIRST_NAME': ['string'], 'LAST_NAME': ['string'], 'FULL_NAME': ['string'], 'WORK_EMAIL': ['string'], 'WORK_PHONE': ['string']}}",your_facebook_activity,messages,Missing,Missing,autofill_information.json,autofill_information_v2,FULL_NAME,NO LIST,Missing,LIST,Missing,MISSING,Missing,MISSING,Missing,MISSING,Missing,MISSING,Missing,MISSING,Missing,MISSING,string
your_facebook_activity/messages/autofill_information.json,"{'autofill_information_v2': {'CITY': ['string'], 'COUNTRY': ['string'], 'EMAIL': ['string'], 'PHONE': ['string'], 'GENDER': ['string'], 'SLIDER': ['string'], 'FIRST_NAME': ['string'], 'LAST_NAME': ['string'], 'FULL_NAME': ['string'], 'WORK_EMAIL': ['string'], 'WORK_PHONE': ['string']}}",your_facebook_activity,messages,Missing,Missing,autofill_information.json,autofill_information_v2,WORK_EMAIL,NO LIST,Missing,LIST,Missing,MISSING,Missing,MISSING,Missing,MISSING,Missing,MISSING,Missing,MISSING,Missing,MISSING,string
your_facebook_activity/messages/autofill_information.json,"{'autofill_information_v2': {'CITY': ['string'], 'COUNTRY': ['string'], 'EMAIL': ['string'], 'PHONE': ['string'], 'GENDER': ['string'], 'SLIDER': ['string'], 'FIRST_NAME': ['string'], 'LAST_NAME': ['string'], 'FULL_NAME': ['string'], 'WORK_EMAIL': ['string'], 'WORK_PHONE': ['string']}}",your_facebook_activity,messages,Missing,Missing,autofill_information.json,autofill_information_v2,WORK_PHONE,NO LIST,Missing,LIST,Missing,MISSING,Missing,MISSING,Missing,MISSING,Missing,MISSING,Missing,MISSING,Missing,MISSING,string
your_facebook_activity/messages/inbox/anadelahorra_2256036594625440/message_1.json,"{'participants': [{'name': 'string'}], 'messages': [{'sender_name': 'string', 'timestamp_ms': 'number', 'content': 'string', 'is_geoblocked_for_viewer': 'boolean', 'is_unsent_image_by_messenger_kid_parent': 'boolean'}], 'title': 'string', 'is_still_participant': 'boolean', 'thread_path': 'string', 'magic_words': 'array'}",your_facebook_activity,messages,inbox,Missing,message_1.json,participants,name,LIST,Missing,NO LIST,Missing,MISSING,Missing,MISSING,Missing,MISSING,Missing,MISSING,Missing,MISSING,Missing,MISSING,string
your_facebook_activity/messages/inbox/anadelahorra_2256036594625440/message_1.json,"{'participants': [{'name': 'string'}], 'messages': [{'sender_name': 'string', 'timestamp_ms': 'number', 'content': 'string', 'is_geoblocked_for_viewer': 'boolean', 'is_unsent_image_by_messenger_kid_parent': 'boolean'}], 'title': 'string', 'is_still_participant': 'boolean', 'thread_path': 'string', 'magic_words': 'array'}",your_facebook_activity,messages,inbox,Missing,message_1.json,messages,sender_name,LIST,Missing,NO LIST,Missing,MISSING,Missing,MISSING,Missing,MISSING,Missing,MISSING,Missing,MISSING,Missing,MISSING,string
your_facebook_activity/messages/inbox/anadelahorra_2256036594625440/message_1.json,"{'participants': [{'name': 'string'}], 'messages': [{'sender_name': 'string', 'timestamp_ms': 'number', 'content': 'string', 'is_geoblocked_for_viewer': 'boolean', 'is_unsent_image_by_messenger_kid_parent': 'boolean'}], 'title': 'string', 'is_still_participant': 'boolean', 'thread_path': 'string', 'magic_words': 'array'}",your_facebook_activity,messages,inbox,Missing,message_1.json,messages,timestamp_ms,LIST,Missing,NO LIST,Missing,MISSING,Missing,MISSING,Missing,MISSING,Missing,MISSING,Missing,MISSING,Missing,MISSING,number
your_facebook_activity/messages/inbox/anadelahorra_2256036594625440/message_1.json,"{'participants': [{'name': 'string'}], 'messages': [{'sender_name': 'string', 'timestamp_ms': 'number', 'content': 'string', 'is_geoblocked_for_viewer': 'boolean', 'is_unsent_image_by_messenger_kid_parent': 'boolean'}], 'title': 'string', 'is_still_participant': 'boolean', 'thread_path': 'string', 'magic_words': 'array'}",your_facebook_activity,messages,inbox,Missing,message_1.json,messages,content,LIST,Missing,NO LIST,Missing,MISSING,Missing,MISSING,Missing,MISSING,Missing,MISSING,Missing,MISSING,Missing,MISSING,string
your_facebook_activity/messages/inbox/anadelahorra_2256036594625440/message_1.json,"{'participants': [{'name': 'string'}], 'messages': [{'sender_name': 'string', 'timestamp_ms': 'number', 'content': 'string', 'is_geoblocked_for_viewer': 'boolean', 'is_unsent_image_by_messenger_kid_parent': 'boolean'}], 'title': 'string', 'is_still_participant': 'boolean', 'thread_path': 'string', 'magic_words': 'array'}",your_facebook_activity,messages,inbox,Missing,message_1.json,messages,is_geoblocked_for_viewer,LIST,Missing,NO LIST,Missing,MISSING,Missing,MISSING,Missing,MISSING,Missing,MISSING,Missing,MISSING,Missing,MISSING,boolean
your_facebook_activity/messages/inbox/anadelahorra_2256036594625440/message_1.json,"{'participants': [{'name': 'string'}], 'messages': [{'sender_name': 'string', 'timestamp_ms': 'number', 'content': 'string', 'is_geoblocked_for_viewer': 'boolean', 'is_unsent_image_by_messenger_kid_parent': 'boolean'}], 'title': 'string', 'is_still_participant': 'boolean', 'thread_path': 'string', 'magic_words': 'array'}",your_facebook_activity,messages,inbox,Missing,message_1.json,messages,is_unsent_image_by_messenger_kid_parent,LIST,Missing,NO LIST,Missing,MISSING,Missing,MISSING,Missing,MISSING,Missing,MISSING,Missing,MISSING,Missing,MISSING,boolean
your_facebook_activity/messages/inbox/anadelahorra_2256036594625440/message_1.json,"{'participants': [{'name': 'string'}], 'messages': [{'sender_name': 'string', 'timestamp_ms': 'number', 'content': 'string', 'is_geoblocked_for_viewer': 'boolean', 'is_unsent_image_by_messenger_kid_parent': 'boolean'}], 'title': 'string', 'is_still_participant': 'boolean', 'thread_path': 'string', 'magic_words': 'array'}",your_facebook_activity,messages,inbox,Missing,message_1.json,title,Missing,NO LIST,Missing,MISSING,Missing,MISSING,Missing,MISSING,Missing,MISSING,Missing,MISSING,Missing,MISSING,Missing,MISSING,string
your_facebook_activity/messages/inbox/anadelahorra_2256036594625440/message_1.json,"{'participants': [{'name': 'string'}], 'messages': [{'sender_name': 'string', 'timestamp_ms': 'number', 'content': 'string', 'is_geoblocked_for_viewer': 'boolean', 'is_unsent_image_by_messenger_kid_parent': 'boolean'}], 'title': 'string', 'is_still_participant': 'boolean', 'thread_path': 'string', 'magic_words': 'array'}",your_facebook_activity,messages,inbox,Missing,message_1.json,is_still_participant,Missing,NO LIST,Missing,MISSING,Missing,MISSING,Missing,MISSING,Missing,MISSING,Missing,MISSING,Missing,MISSING,Missing,MISSING,boolean
your_facebook_activity/messages/inbox/anadelahorra_2256036594625440/message_1.json,"{'participants': [{'name': 'string'}], 'messages': [{'sender_name': 'string', 'timestamp_ms': 'number', 'content': 'string', 'is_geoblocked_for_viewer': 'boolean', 'is_unsent_image_by_messenger_kid_parent': 'boolean'}], 'title': 'string', 'is_still_participant': 'boolean', 'thread_path': 'string', 'magic_words': 'array'}",your_facebook_activity,messages,inbox,Missing,message_1.json,thread_path,Missing,NO LIST,Missing,MISSING,Missing,MISSING,Missing,MISSING,Missing,MISSING,Missing,MISSING,Missing,MISSING,Missing,MISSING,string
your_facebook_activity/messages/inbox/anadelahorra_2256036594625440/message_1.json,"{'participants': [{'name': 'string'}], 'messages': [{'sender_name': 'string', 'timestamp_ms': 'number', 'content': 'string', 'is_geoblocked_for_viewer': 'boolean', 'is_unsent_image_by_messenger_kid_parent': 'boolean'}], 'title': 'string', 'is_still_participant': 'boolean', 'thread_path': 'string', 'magic_words': 'array'}",your_facebook_activity,messages,inbox,Missing,message_1.json,magic_words,Missing,NO LIST,Missing,MISSING,Missing,MISSING,Missing,MISSING,Missing,MISSING,Missing,MISSING,Missing,MISSING,Missing,MISSING,array
your_facebook_activity/messages/inbox/belenciyamorenadelriomorales_1595885967109664/message_1.json,"{'participants': [{'name': 'string'}], 'messages': [{'sender_name': 'string', 'timestamp_ms': 'number', 'content': 'string', 'is_geoblocked_for_viewer': 'boolean', 'is_unsent_image_by_messenger_kid_parent': 'boolean'}], 'title': 'string', 'is_still_participant': 'boolean', 'thread_path': 'string', 'magic_words': 'array'}",your_facebook_activity,messages,inbox,Missing,message_1.json,participants,name,LIST,Missing,NO LIST,Missing,MISSING,Missing,MISSING,Missing,MISSING,Missing,MISSING,Missing,MISSING,Missing,MISSING,string
your_facebook_activity/messages/inbox/belenciyamorenadelriomorales_1595885967109664/message_1.json,"{'participants': [{'name': 'string'}], 'messages': [{'sender_name': 'string', 'timestamp_ms': 'number', 'content': 'string', 'is_geoblocked_for_viewer': 'boolean', 'is_unsent_image_by_messenger_kid_parent': 'boolean'}], 'title': 'string', 'is_still_participant': 'boolean', 'thread_path': 'string', 'magic_words': 'array'}",your_facebook_activity,messages,inbox,Missing,message_1.json,messages,sender_name,LIST,Missing,NO LIST,Missing,MISSING,Missing,MISSING,Missing,MISSING,Missing,MISSING,Missing,MISSING,Missing,MISSING,string
your_facebook_activity/messages/inbox/belenciyamorenadelriomorales_1595885967109664/message_1.json,"{'participants': [{'name': 'string'}], 'messages': [{'sender_name': 'string', 'timestamp_ms': 'number', 'content': 'string', 'is_geoblocked_for_viewer': 'boolean', 'is_unsent_image_by_messenger_kid_parent': 'boolean'}], 'title': 'string', 'is_still_participant': 'boolean', 'thread_path': 'string', 'magic_words': 'array'}",your_facebook_activity,messages,inbox,Missing,message_1.json,messages,timestamp_ms,LIST,Missing,NO LIST,Missing,MISSING,Missing,MISSING,Missing,MISSING,Missing,MISSING,Missing,MISSING,Missing,MISSING,number
your_facebook_activity/messages/inbox/belenciyamorenadelriomorales_1595885967109664/message_1.json,"{'participants': [{'name': 'string'}], 'messages': [{'sender_name': 'string', 'timestamp_ms': 'number', 'content': 'string', 'is_geoblocked_for_viewer': 'boolean', 'is_unsent_image_by_messenger_kid_parent': 'boolean'}], 'title': 'string', 'is_still_participant': 'boolean', 'thread_path': 'string', 'magic_words': 'array'}",your_facebook_activity,messages,inbox,Missing,message_1.json,messages,content,LIST,Missing,NO LIST,Missing,MISSING,Missing,MISSING,Missing,MISSING,Missing,MISSING,Missing,MISSING,Missing,MISSING,string
your_facebook_activity/messages/inbox/belenciyamorenadelriomorales_1595885967109664/message_1.json,"{'participants': [{'name': 'string'}], 'messages': [{'sender_name': 'string', 'timestamp_ms': 'number', 'content': 'string', 'is_geoblocked_for_viewer': 'boolean', 'is_unsent_image_by_messenger_kid_parent': 'boolean'}], 'title': 'string', 'is_still_participant': 'boolean', 'thread_path': 'string', 'magic_words': 'array'}",your_facebook_activity,messages,inbox,Missing,message_1.json,messages,is_geoblocked_for_viewer,LIST,Missing,NO LIST,Missing,MISSING,Missing,MISSING,Missing,MISSING,Missing,MISSING,Missing,MISSING,Missing,MISSING,boolean
your_facebook_activity/messages/inbox/belenciyamorenadelriomorales_1595885967109664/message_1.json,"{'participants': [{'name': 'string'}], 'messages': [{'sender_name': 'string', 'timestamp_ms': 'number', 'content': 'string', 'is_geoblocked_for_viewer': 'boolean', 'is_unsent_image_by_messenger_kid_parent': 'boolean'}], 'title': 'string', 'is_still_participant': 'boolean', 'thread_path': 'string', 'magic_words': 'array'}",your_facebook_activity,messages,inbox,Missing,message_1.json,messages,is_unsent_image_by_messenger_kid_parent,LIST,Missing,NO LIST,Missing,MISSING,Missing,MISSING,Missing,MISSING,Missing,MISSING,Missing,MISSING,Missing,MISSING,boolean
your_facebook_activity/messages/inbox/belenciyamorenadelriomorales_1595885967109664/message_1.json,"{'participants': [{'name': 'string'}], 'messages': [{'sender_name': 'string', 'timestamp_ms': 'number', 'content': 'string', 'is_geoblocked_for_viewer': 'boolean', 'is_unsent_image_by_messenger_kid_parent': 'boolean'}], 'title': 'string', 'is_still_participant': 'boolean', 'thread_path': 'string', 'magic_words': 'array'}",your_facebook_activity,messages,inbox,Missing,message_1.json,title,Missing,NO LIST,Missing,MISSING,Missing,MISSING,Missing,MISSING,Missing,MISSING,Missing,MISSING,Missing,MISSING,Missing,MISSING,string
your_facebook_activity/messages/inbox/belenciyamorenadelriomorales_1595885967109664/message_1.json,"{'participants': [{'name': 'string'}], 'messages': [{'sender_name': 'string', 'timestamp_ms': 'number', 'content': 'string', 'is_geoblocked_for_viewer': 'boolean', 'is_unsent_image_by_messenger_kid_parent': 'boolean'}], 'title': 'string', 'is_still_participant': 'boolean', 'thread_path': 'string', 'magic_words': 'array'}",your_facebook_activity,messages,inbox,Missing,message_1.json,is_still_participant,Missing,NO LIST,Missing,MISSING,Missing,MISSING,Missing,MISSING,Missing,MISSING,Missing,MISSING,Missing,MISSING,Missing,MISSING,boolean
your_facebook_activity/messages/inbox/belenciyamorenadelriomorales_1595885967109664/message_1.json,"{'participants': [{'name': 'string'}], 'messages': [{'sender_name': 'string', 'timestamp_ms': 'number', 'content': 'string', 'is_geoblocked_for_viewer': 'boolean', 'is_unsent_image_by_messenger_kid_parent': 'boolean'}], 'title': 'string', 'is_still_participant': 'boolean', 'thread_path': 'string', 'magic_words': 'array'}",your_facebook_activity,messages,inbox,Missing,message_1.json,thread_path,Missing,NO LIST,Missing,MISSING,Missing,MISSING,Missing,MISSING,Missing,MISSING,Missing,MISSING,Missing,MISSING,Missing,MISSING,string
your_facebook_activity/messages/inbox/belenciyamorenadelriomorales_1595885967109664/message_1.json,"{'participants': [{'name': 'string'}], 'messages': [{'sender_name': 'string', 'timestamp_ms': 'number', 'content': 'string', 'is_geoblocked_for_viewer': 'boolean', 'is_unsent_image_by_messenger_kid_parent': 'boolean'}], 'title': 'string', 'is_still_participant': 'boolean', 'thread_path': 'string', 'magic_words': 'array'}",your_facebook_activity,messages,inbox,Missing,message_1.json,magic_words,Missing,NO LIST,Missing,MISSING,Missing,MISSING,Missing,MISSING,Missing,MISSING,Missing,MISSING,Missing,MISSING,Missing,MISSING,array
your_facebook_activity/messages/inbox/carlotabenito_2376388172590281/message_1.json,"{'participants': [{'name': 'string'}], 'messages': [{'sender_name': 'string', 'timestamp_ms': 'number', 'content': 'string', 'is_geoblocked_for_viewer': 'boolean', 'is_unsent_image_by_messenger_kid_parent': 'boolean'}], 'title': 'string', 'is_still_participant': 'boolean', 'thread_path': 'string', 'magic_words': 'array'}",your_facebook_activity,messages,inbox,Missing,message_1.json,participants,name,LIST,Missing,NO LIST,Missing,MISSING,Missing,MISSING,Missing,MISSING,Missing,MISSING,Missing,MISSING,Missing,MISSING,string
your_facebook_activity/messages/inbox/carlotabenito_2376388172590281/message_1.json,"{'participants': [{'name': 'string'}], 'messages': [{'sender_name': 'string', 'timestamp_ms': 'number', 'content': 'string', 'is_geoblocked_for_viewer': 'boolean', 'is_unsent_image_by_messenger_kid_parent': 'boolean'}], 'title': 'string', 'is_still_participant': 'boolean', 'thread_path': 'string', 'magic_words': 'array'}",your_facebook_activity,messages,inbox,Missing,message_1.json,messages,sender_name,LIST,Missing,NO LIST,Missing,MISSING,Missing,MISSING,Missing,MISSING,Missing,MISSING,Missing,MISSING,Missing,MISSING,string
your_facebook_activity/messages/inbox/carlotabenito_2376388172590281/message_1.json,"{'participants': [{'name': 'string'}], 'messages': [{'sender_name': 'string', 'timestamp_ms': 'number', 'content': 'string', 'is_geoblocked_for_viewer': 'boolean', 'is_unsent_image_by_messenger_kid_parent': 'boolean'}], 'title': 'string', 'is_still_participant': 'boolean', 'thread_path': 'string', 'magic_words': 'array'}",your_facebook_activity,messages,inbox,Missing,message_1.json,messages,timestamp_ms,LIST,Missing,NO LIST,Missing,MISSING,Missing,MISSING,Missing,MISSING,Missing,MISSING,Missing,MISSING,Missing,MISSING,number
your_facebook_activity/messages/inbox/carlotabenito_2376388172590281/message_1.json,"{'participants': [{'name': 'string'}], 'messages': [{'sender_name': 'string', 'timestamp_ms': 'number', 'content': 'string', 'is_geoblocked_for_viewer': 'boolean', 'is_unsent_image_by_messenger_kid_parent': 'boolean'}], 'title': 'string', 'is_still_participant': 'boolean', 'thread_path': 'string', 'magic_words': 'array'}",your_facebook_activity,messages,inbox,Missing,message_1.json,messages,content,LIST,Missing,NO LIST,Missing,MISSING,Missing,MISSING,Missing,MISSING,Missing,MISSING,Missing,MISSING,Missing,MISSING,string
your_facebook_activity/messages/inbox/carlotabenito_2376388172590281/message_1.json,"{'participants': [{'name': 'string'}], 'messages': [{'sender_name': 'string', 'timestamp_ms': 'number', 'content': 'string', 'is_geoblocked_for_viewer': 'boolean', 'is_unsent_image_by_messenger_kid_parent': 'boolean'}], 'title': 'string', 'is_still_participant': 'boolean', 'thread_path': 'string', 'magic_words': 'array'}",your_facebook_activity,messages,inbox,Missing,message_1.json,messages,is_geoblocked_for_viewer,LIST,Missing,NO LIST,Missing,MISSING,Missing,MISSING,Missing,MISSING,Missing,MISSING,Missing,MISSING,Missing,MISSING,boolean
your_facebook_activity/messages/inbox/carlotabenito_2376388172590281/message_1.json,"{'participants': [{'name': 'string'}], 'messages': [{'sender_name': 'string', 'timestamp_ms': 'number', 'content': 'string', 'is_geoblocked_for_viewer': 'boolean', 'is_unsent_image_by_messenger_kid_parent': 'boolean'}], 'title': 'string', 'is_still_participant': 'boolean', 'thread_path': 'string', 'magic_words': 'array'}",your_facebook_activity,messages,inbox,Missing,message_1.json,messages,is_unsent_image_by_messenger_kid_parent,LIST,Missing,NO LIST,Missing,MISSING,Missing,MISSING,Missing,MISSING,Missing,MISSING,Missing,MISSING,Missing,MISSING,boolean
your_facebook_activity/messages/inbox/carlotabenito_2376388172590281/message_1.json,"{'participants': [{'name': 'string'}], 'messages': [{'sender_name': 'string', 'timestamp_ms': 'number', 'content': 'string', 'is_geoblocked_for_viewer': 'boolean', 'is_unsent_image_by_messenger_kid_parent': 'boolean'}], 'title': 'string', 'is_still_participant': 'boolean', 'thread_path': 'string', 'magic_words': 'array'}",your_facebook_activity,messages,inbox,Missing,message_1.json,title,Missing,NO LIST,Missing,MISSING,Missing,MISSING,Missing,MISSING,Missing,MISSING,Missing,MISSING,Missing,MISSING,Missing,MISSING,string
your_facebook_activity/messages/inbox/carlotabenito_2376388172590281/message_1.json,"{'participants': [{'name': 'string'}], 'messages': [{'sender_name': 'string', 'timestamp_ms': 'number', 'content': 'string', 'is_geoblocked_for_viewer': 'boolean', 'is_unsent_image_by_messenger_kid_parent': 'boolean'}], 'title': 'string', 'is_still_participant': 'boolean', 'thread_path': 'string', 'magic_words': 'array'}",your_facebook_activity,messages,inbox,Missing,message_1.json,is_still_participant,Missing,NO LIST,Missing,MISSING,Missing,MISSING,Missing,MISSING,Missing,MISSING,Missing,MISSING,Missing,MISSING,Missing,MISSING,boolean
your_facebook_activity/messages/inbox/carlotabenito_2376388172590281/message_1.json,"{'participants': [{'name': 'string'}], 'messages': [{'sender_name': 'string', 'timestamp_ms': 'number', 'content': 'string', 'is_geoblocked_for_viewer': 'boolean', 'is_unsent_image_by_messenger_kid_parent': 'boolean'}], 'title': 'string', 'is_still_participant': 'boolean', 'thread_path': 'string', 'magic_words': 'array'}",your_facebook_activity,messages,inbox,Missing,message_1.json,thread_path,Missing,NO LIST,Missing,MISSING,Missing,MISSING,Missing,MISSING,Missing,MISSING,Missing,MISSING,Missing,MISSING,Missing,MISSING,string
your_facebook_activity/messages/inbox/carlotabenito_2376388172590281/message_1.json,"{'participants': [{'name': 'string'}], 'messages': [{'sender_name': 'string', 'timestamp_ms': 'number', 'content': 'string', 'is_geoblocked_for_viewer': 'boolean', 'is_unsent_image_by_messenger_kid_parent': 'boolean'}], 'title': 'string', 'is_still_participant': 'boolean', 'thread_path': 'string', 'magic_words': 'array'}",your_facebook_activity,messages,inbox,Missing,message_1.json,magic_words,Missing,NO LIST,Missing,MISSING,Missing,MISSING,Missing,MISSING,Missing,MISSING,Missing,MISSING,Missing,MISSING,Missing,MISSING,array
your_facebook_activity/messages/inbox/claudiadiazminarro_2295467867348979/message_1.json,"{'participants': [{'name': 'string'}], 'messages': [{'sender_name': 'string', 'timestamp_ms': 'number', 'content': 'string', 'is_geoblocked_for_viewer': 'boolean', 'is_unsent_image_by_messenger_kid_parent': 'boolean'}], 'title': 'string', 'is_still_participant': 'boolean', 'thread_path': 'string', 'magic_words': 'array'}",your_facebook_activity,messages,inbox,Missing,message_1.json,participants,name,LIST,Missing,NO LIST,Missing,MISSING,Missing,MISSING,Missing,MISSING,Missing,MISSING,Missing,MISSING,Missing,MISSING,string
your_facebook_activity/messages/inbox/claudiadiazminarro_2295467867348979/message_1.json,"{'participants': [{'name': 'string'}], 'messages': [{'sender_name': 'string', 'timestamp_ms': 'number', 'content': 'string', 'is_geoblocked_for_viewer': 'boolean', 'is_unsent_image_by_messenger_kid_parent': 'boolean'}], 'title': 'string', 'is_still_participant': 'boolean', 'thread_path': 'string', 'magic_words': 'array'}",your_facebook_activity,messages,inbox,Missing,message_1.json,messages,sender_name,LIST,Missing,NO LIST,Missing,MISSING,Missing,MISSING,Missing,MISSING,Missing,MISSING,Missing,MISSING,Missing,MISSING,string
your_facebook_activity/messages/inbox/claudiadiazminarro_2295467867348979/message_1.json,"{'participants': [{'name': 'string'}], 'messages': [{'sender_name': 'string', 'timestamp_ms': 'number', 'content': 'string', 'is_geoblocked_for_viewer': 'boolean', 'is_unsent_image_by_messenger_kid_parent': 'boolean'}], 'title': 'string', 'is_still_participant': 'boolean', 'thread_path': 'string', 'magic_words': 'array'}",your_facebook_activity,messages,inbox,Missing,message_1.json,messages,timestamp_ms,LIST,Missing,NO LIST,Missing,MISSING,Missing,MISSING,Missing,MISSING,Missing,MISSING,Missing,MISSING,Missing,MISSING,number
your_facebook_activity/messages/inbox/claudiadiazminarro_2295467867348979/message_1.json,"{'participants': [{'name': 'string'}], 'messages': [{'sender_name': 'string', 'timestamp_ms': 'number', 'content': 'string', 'is_geoblocked_for_viewer': 'boolean', 'is_unsent_image_by_messenger_kid_parent': 'boolean'}], 'title': 'string', 'is_still_participant': 'boolean', 'thread_path': 'string', 'magic_words': 'array'}",your_facebook_activity,messages,inbox,Missing,message_1.json,messages,content,LIST,Missing,NO LIST,Missing,MISSING,Missing,MISSING,Missing,MISSING,Missing,MISSING,Missing,MISSING,Missing,MISSING,string
your_facebook_activity/messages/inbox/claudiadiazminarro_2295467867348979/message_1.json,"{'participants': [{'name': 'string'}], 'messages': [{'sender_name': 'string', 'timestamp_ms': 'number', 'content': 'string', 'is_geoblocked_for_viewer': 'boolean', 'is_unsent_image_by_messenger_kid_parent': 'boolean'}], 'title': 'string', 'is_still_participant': 'boolean', 'thread_path': 'string', 'magic_words': 'array'}",your_facebook_activity,messages,inbox,Missing,message_1.json,messages,is_geoblocked_for_viewer,LIST,Missing,NO LIST,Missing,MISSING,Missing,MISSING,Missing,MISSING,Missing,MISSING,Missing,MISSING,Missing,MISSING,boolean
your_facebook_activity/messages/inbox/claudiadiazminarro_2295467867348979/message_1.json,"{'participants': [{'name': 'string'}], 'messages': [{'sender_name': 'string', 'timestamp_ms': 'number', 'content': 'string', 'is_geoblocked_for_viewer': 'boolean', 'is_unsent_image_by_messenger_kid_parent': 'boolean'}], 'title': 'string', 'is_still_participant': 'boolean', 'thread_path': 'string', 'magic_words': 'array'}",your_facebook_activity,messages,inbox,Missing,message_1.json,messages,is_unsent_image_by_messenger_kid_parent,LIST,Missing,NO LIST,Missing,MISSING,Missing,MISSING,Missing,MISSING,Missing,MISSING,Missing,MISSING,Missing,MISSING,boolean
your_facebook_activity/messages/inbox/claudiadiazminarro_2295467867348979/message_1.json,"{'participants': [{'name': 'string'}], 'messages': [{'sender_name': 'string', 'timestamp_ms': 'number', 'content': 'string', 'is_geoblocked_for_viewer': 'boolean', 'is_unsent_image_by_messenger_kid_parent': 'boolean'}], 'title': 'string', 'is_still_participant': 'boolean', 'thread_path': 'string', 'magic_words': 'array'}",your_facebook_activity,messages,inbox,Missing,message_1.json,title,Missing,NO LIST,Missing,MISSING,Missing,MISSING,Missing,MISSING,Missing,MISSING,Missing,MISSING,Missing,MISSING,Missing,MISSING,string
your_facebook_activity/messages/inbox/claudiadiazminarro_2295467867348979/message_1.json,"{'participants': [{'name': 'string'}], 'messages': [{'sender_name': 'string', 'timestamp_ms': 'number', 'content': 'string', 'is_geoblocked_for_viewer': 'boolean', 'is_unsent_image_by_messenger_kid_parent': 'boolean'}], 'title': 'string', 'is_still_participant': 'boolean', 'thread_path': 'string', 'magic_words': 'array'}",your_facebook_activity,messages,inbox,Missing,message_1.json,is_still_participant,Missing,NO LIST,Missing,MISSING,Missing,MISSING,Missing,MISSING,Missing,MISSING,Missing,MISSING,Missing,MISSING,Missing,MISSING,boolean
your_facebook_activity/messages/inbox/claudiadiazminarro_2295467867348979/message_1.json,"{'participants': [{'name': 'string'}], 'messages': [{'sender_name': 'string', 'timestamp_ms': 'number', 'content': 'string', 'is_geoblocked_for_viewer': 'boolean', 'is_unsent_image_by_messenger_kid_parent': 'boolean'}], 'title': 'string', 'is_still_participant': 'boolean', 'thread_path': 'string', 'magic_words': 'array'}",your_facebook_activity,messages,inbox,Missing,message_1.json,thread_path,Missing,NO LIST,Missing,MISSING,Missing,MISSING,Missing,MISSING,Missing,MISSING,Missing,MISSING,Missing,MISSING,Missing,MISSING,string
your_facebook_activity/messages/inbox/claudiadiazminarro_2295467867348979/message_1.json,"{'participants': [{'name': 'string'}], 'messages': [{'sender_name': 'string', 'timestamp_ms': 'number', 'content': 'string', 'is_geoblocked_for_viewer': 'boolean', 'is_unsent_image_by_messenger_kid_parent': 'boolean'}], 'title': 'string', 'is_still_participant': 'boolean', 'thread_path': 'string', 'magic_words': 'array'}",your_facebook_activity,messages,inbox,Missing,message_1.json,magic_words,Missing,NO LIST,Missing,MISSING,Missing,MISSING,Missing,MISSING,Missing,MISSING,Missing,MISSING,Missing,MISSING,Missing,MISSING,array
your_facebook_activity/messages/inbox/kikepucela_1931265690435867/message_1.json,"{'participants': [{'name': 'string'}], 'messages': [{'sender_name': 'string', 'timestamp_ms': 'number', 'content': 'string', 'is_geoblocked_for_viewer': 'boolean', 'is_unsent_image_by_messenger_kid_parent': 'boolean'}], 'title': 'string', 'is_still_participant': 'boolean', 'thread_path': 'string', 'magic_words': 'array'}",your_facebook_activity,messages,inbox,Missing,message_1.json,participants,name,LIST,Missing,NO LIST,Missing,MISSING,Missing,MISSING,Missing,MISSING,Missing,MISSING,Missing,MISSING,Missing,MISSING,string
your_facebook_activity/messages/inbox/kikepucela_1931265690435867/message_1.json,"{'participants': [{'name': 'string'}], 'messages': [{'sender_name': 'string', 'timestamp_ms': 'number', 'content': 'string', 'is_geoblocked_for_viewer': 'boolean', 'is_unsent_image_by_messenger_kid_parent': 'boolean'}], 'title': 'string', 'is_still_participant': 'boolean', 'thread_path': 'string', 'magic_words': 'array'}",your_facebook_activity,messages,inbox,Missing,message_1.json,messages,sender_name,LIST,Missing,NO LIST,Missing,MISSING,Missing,MISSING,Missing,MISSING,Missing,MISSING,Missing,MISSING,Missing,MISSING,string
your_facebook_activity/messages/inbox/kikepucela_1931265690435867/message_1.json,"{'participants': [{'name': 'string'}], 'messages': [{'sender_name': 'string', 'timestamp_ms': 'number', 'content': 'string', 'is_geoblocked_for_viewer': 'boolean', 'is_unsent_image_by_messenger_kid_parent': 'boolean'}], 'title': 'string', 'is_still_participant': 'boolean', 'thread_path': 'string', 'magic_words': 'array'}",your_facebook_activity,messages,inbox,Missing,message_1.json,messages,timestamp_ms,LIST,Missing,NO LIST,Missing,MISSING,Missing,MISSING,Missing,MISSING,Missing,MISSING,Missing,MISSING,Missing,MISSING,number
your_facebook_activity/messages/inbox/kikepucela_1931265690435867/message_1.json,"{'participants': [{'name': 'string'}], 'messages': [{'sender_name': 'string', 'timestamp_ms': 'number', 'content': 'string', 'is_geoblocked_for_viewer': 'boolean', 'is_unsent_image_by_messenger_kid_parent': 'boolean'}], 'title': 'string', 'is_still_participant': 'boolean', 'thread_path': 'string', 'magic_words': 'array'}",your_facebook_activity,messages,inbox,Missing,message_1.json,messages,content,LIST,Missing,NO LIST,Missing,MISSING,Missing,MISSING,Missing,MISSING,Missing,MISSING,Missing,MISSING,Missing,MISSING,string
your_facebook_activity/messages/inbox/kikepucela_1931265690435867/message_1.json,"{'participants': [{'name': 'string'}], 'messages': [{'sender_name': 'string', 'timestamp_ms': 'number', 'content': 'string', 'is_geoblocked_for_viewer': 'boolean', 'is_unsent_image_by_messenger_kid_parent': 'boolean'}], 'title': 'string', 'is_still_participant': 'boolean', 'thread_path': 'string', 'magic_words': 'array'}",your_facebook_activity,messages,inbox,Missing,message_1.json,messages,is_geoblocked_for_viewer,LIST,Missing,NO LIST,Missing,MISSING,Missing,MISSING,Missing,MISSING,Missing,MISSING,Missing,MISSING,Missing,MISSING,boolean
your_facebook_activity/messages/inbox/kikepucela_1931265690435867/message_1.json,"{'participants': [{'name': 'string'}], 'messages': [{'sender_name': 'string', 'timestamp_ms': 'number', 'content': 'string', 'is_geoblocked_for_viewer': 'boolean', 'is_unsent_image_by_messenger_kid_parent': 'boolean'}], 'title': 'string', 'is_still_participant': 'boolean', 'thread_path': 'string', 'magic_words': 'array'}",your_facebook_activity,messages,inbox,Missing,message_1.json,messages,is_unsent_image_by_messenger_kid_parent,LIST,Missing,NO LIST,Missing,MISSING,Missing,MISSING,Missing,MISSING,Missing,MISSING,Missing,MISSING,Missing,MISSING,boolean
your_facebook_activity/messages/inbox/kikepucela_1931265690435867/message_1.json,"{'participants': [{'name': 'string'}], 'messages': [{'sender_name': 'string', 'timestamp_ms': 'number', 'content': 'string', 'is_geoblocked_for_viewer': 'boolean', 'is_unsent_image_by_messenger_kid_parent': 'boolean'}], 'title': 'string', 'is_still_participant': 'boolean', 'thread_path': 'string', 'magic_words': 'array'}",your_facebook_activity,messages,inbox,Missing,message_1.json,title,Missing,NO LIST,Missing,MISSING,Missing,MISSING,Missing,MISSING,Missing,MISSING,Missing,MISSING,Missing,MISSING,Missing,MISSING,string
your_facebook_activity/messages/inbox/kikepucela_1931265690435867/message_1.json,"{'participants': [{'name': 'string'}], 'messages': [{'sender_name': 'string', 'timestamp_ms': 'number', 'content': 'string', 'is_geoblocked_for_viewer': 'boolean', 'is_unsent_image_by_messenger_kid_parent': 'boolean'}], 'title': 'string', 'is_still_participant': 'boolean', 'thread_path': 'string', 'magic_words': 'array'}",your_facebook_activity,messages,inbox,Missing,message_1.json,is_still_participant,Missing,NO LIST,Missing,MISSING,Missing,MISSING,Missing,MISSING,Missing,MISSING,Missing,MISSING,Missing,MISSING,Missing,MISSING,boolean
your_facebook_activity/messages/inbox/kikepucela_1931265690435867/message_1.json,"{'participants': [{'name': 'string'}], 'messages': [{'sender_name': 'string', 'timestamp_ms': 'number', 'content': 'string', 'is_geoblocked_for_viewer': 'boolean', 'is_unsent_image_by_messenger_kid_parent': 'boolean'}], 'title': 'string', 'is_still_participant': 'boolean', 'thread_path': 'string', 'magic_words': 'array'}",your_facebook_activity,messages,inbox,Missing,message_1.json,thread_path,Missing,NO LIST,Missing,MISSING,Missing,MISSING,Missing,MISSING,Missing,MISSING,Missing,MISSING,Missing,MISSING,Missing,MISSING,string
your_facebook_activity/messages/inbox/kikepucela_1931265690435867/message_1.json,"{'participants': [{'name': 'string'}], 'messages': [{'sender_name': 'string', 'timestamp_ms': 'number', 'content': 'string', 'is_geoblocked_for_viewer': 'boolean', 'is_unsent_image_by_messenger_kid_parent': 'boolean'}], 'title': 'string', 'is_still_participant': 'boolean', 'thread_path': 'string', 'magic_words': 'array'}",your_facebook_activity,messages,inbox,Missing,message_1.json,magic_words,Missing,NO LIST,Missing,MISSING,Missing,MISSING,Missing,MISSING,Missing,MISSING,Missing,MISSING,Missing,MISSING,Missing,MISSING,array
your_facebook_activity/messages/inbox/manupachongarcia_1826798484215922/message_1.json,"{'participants': [{'name': 'string'}], 'messages': [{'sender_name': 'string', 'timestamp_ms': 'number', 'content': 'string', 'is_geoblocked_for_viewer': 'boolean', 'is_unsent_image_by_messenger_kid_parent': 'boolean'}], 'title': 'string', 'is_still_participant': 'boolean', 'thread_path': 'string', 'magic_words': 'array'}",your_facebook_activity,messages,inbox,Missing,message_1.json,participants,name,LIST,Missing,NO LIST,Missing,MISSING,Missing,MISSING,Missing,MISSING,Missing,MISSING,Missing,MISSING,Missing,MISSING,string
your_facebook_activity/messages/inbox/manupachongarcia_1826798484215922/message_1.json,"{'participants': [{'name': 'string'}], 'messages': [{'sender_name': 'string', 'timestamp_ms': 'number', 'content': 'string', 'is_geoblocked_for_viewer': 'boolean', 'is_unsent_image_by_messenger_kid_parent': 'boolean'}], 'title': 'string', 'is_still_participant': 'boolean', 'thread_path': 'string', 'magic_words': 'array'}",your_facebook_activity,messages,inbox,Missing,message_1.json,messages,sender_name,LIST,Missing,NO LIST,Missing,MISSING,Missing,MISSING,Missing,MISSING,Missing,MISSING,Missing,MISSING,Missing,MISSING,string
your_facebook_activity/messages/inbox/manupachongarcia_1826798484215922/message_1.json,"{'participants': [{'name': 'string'}], 'messages': [{'sender_name': 'string', 'timestamp_ms': 'number', 'content': 'string', 'is_geoblocked_for_viewer': 'boolean', 'is_unsent_image_by_messenger_kid_parent': 'boolean'}], 'title': 'string', 'is_still_participant': 'boolean', 'thread_path': 'string', 'magic_words': 'array'}",your_facebook_activity,messages,inbox,Missing,message_1.json,messages,timestamp_ms,LIST,Missing,NO LIST,Missing,MISSING,Missing,MISSING,Missing,MISSING,Missing,MISSING,Missing,MISSING,Missing,MISSING,number
your_facebook_activity/messages/inbox/manupachongarcia_1826798484215922/message_1.json,"{'participants': [{'name': 'string'}], 'messages': [{'sender_name': 'string', 'timestamp_ms': 'number', 'content': 'string', 'is_geoblocked_for_viewer': 'boolean', 'is_unsent_image_by_messenger_kid_parent': 'boolean'}], 'title': 'string', 'is_still_participant': 'boolean', 'thread_path': 'string', 'magic_words': 'array'}",your_facebook_activity,messages,inbox,Missing,message_1.json,messages,content,LIST,Missing,NO LIST,Missing,MISSING,Missing,MISSING,Missing,MISSING,Missing,MISSING,Missing,MISSING,Missing,MISSING,string
your_facebook_activity/messages/inbox/manupachongarcia_1826798484215922/message_1.json,"{'participants': [{'name': 'string'}], 'messages': [{'sender_name': 'string', 'timestamp_ms': 'number', 'content': 'string', 'is_geoblocked_for_viewer': 'boolean', 'is_unsent_image_by_messenger_kid_parent': 'boolean'}], 'title': 'string', 'is_still_participant': 'boolean', 'thread_path': 'string', 'magic_words': 'array'}",your_facebook_activity,messages,inbox,Missing,message_1.json,messages,is_geoblocked_for_viewer,LIST,Missing,NO LIST,Missing,MISSING,Missing,MISSING,Missing,MISSING,Missing,MISSING,Missing,MISSING,Missing,MISSING,boolean
your_facebook_activity/messages/inbox/manupachongarcia_1826798484215922/message_1.json,"{'participants': [{'name': 'string'}], 'messages': [{'sender_name': 'string', 'timestamp_ms': 'number', 'content': 'string', 'is_geoblocked_for_viewer': 'boolean', 'is_unsent_image_by_messenger_kid_parent': 'boolean'}], 'title': 'string', 'is_still_participant': 'boolean', 'thread_path': 'string', 'magic_words': 'array'}",your_facebook_activity,messages,inbox,Missing,message_1.json,messages,is_unsent_image_by_messenger_kid_parent,LIST,Missing,NO LIST,Missing,MISSING,Missing,MISSING,Missing,MISSING,Missing,MISSING,Missing,MISSING,Missing,MISSING,boolean
your_facebook_activity/messages/inbox/manupachongarcia_1826798484215922/message_1.json,"{'participants': [{'name': 'string'}], 'messages': [{'sender_name': 'string', 'timestamp_ms': 'number', 'content': 'string', 'is_geoblocked_for_viewer': 'boolean', 'is_unsent_image_by_messenger_kid_parent': 'boolean'}], 'title': 'string', 'is_still_participant': 'boolean', 'thread_path': 'string', 'magic_words': 'array'}",your_facebook_activity,messages,inbox,Missing,message_1.json,title,Missing,NO LIST,Missing,MISSING,Missing,MISSING,Missing,MISSING,Missing,MISSING,Missing,MISSING,Missing,MISSING,Missing,MISSING,string
your_facebook_activity/messages/inbox/manupachongarcia_1826798484215922/message_1.json,"{'participants': [{'name': 'string'}], 'messages': [{'sender_name': 'string', 'timestamp_ms': 'number', 'content': 'string', 'is_geoblocked_for_viewer': 'boolean', 'is_unsent_image_by_messenger_kid_parent': 'boolean'}], 'title': 'string', 'is_still_participant': 'boolean', 'thread_path': 'string', 'magic_words': 'array'}",your_facebook_activity,messages,inbox,Missing,message_1.json,is_still_participant,Missing,NO LIST,Missing,MISSING,Missing,MISSING,Missing,MISSING,Missing,MISSING,Missing,MISSING,Missing,MISSING,Missing,MISSING,boolean
your_facebook_activity/messages/inbox/manupachongarcia_1826798484215922/message_1.json,"{'participants': [{'name': 'string'}], 'messages': [{'sender_name': 'string', 'timestamp_ms': 'number', 'content': 'string', 'is_geoblocked_for_viewer': 'boolean', 'is_unsent_image_by_messenger_kid_parent': 'boolean'}], 'title': 'string', 'is_still_participant': 'boolean', 'thread_path': 'string', 'magic_words': 'array'}",your_facebook_activity,messages,inbox,Missing,message_1.json,thread_path,Missing,NO LIST,Missing,MISSING,Missing,MISSING,Missing,MISSING,Missing,MISSING,Missing,MISSING,Missing,MISSING,Missing,MISSING,string
your_facebook_activity/messages/inbox/manupachongarcia_1826798484215922/message_1.json,"{'participants': [{'name': 'string'}], 'messages': [{'sender_name': 'string', 'timestamp_ms': 'number', 'content': 'string', 'is_geoblocked_for_viewer': 'boolean', 'is_unsent_image_by_messenger_kid_parent': 'boolean'}], 'title': 'string', 'is_still_participant': 'boolean', 'thread_path': 'string', 'magic_words': 'array'}",your_facebook_activity,messages,inbox,Missing,message_1.json,magic_words,Missing,NO LIST,Missing,MISSING,Missing,MISSING,Missing,MISSING,Missing,MISSING,Missing,MISSING,Missing,MISSING,Missing,MISSING,array
your_facebook_activity/messages/inbox/pelayoraulescarraman_3358809571014798/message_1.json,"{'participants': [{'name': 'string'}], 'messages': [{'sender_name': 'string', 'timestamp_ms': 'number', 'content': 'string', 'is_geoblocked_for_viewer': 'boolean', 'is_unsent_image_by_messenger_kid_parent': 'boolean'}], 'title': 'string', 'is_still_participant': 'boolean', 'thread_path': 'string', 'magic_words': 'array'}",your_facebook_activity,messages,inbox,Missing,message_1.json,participants,name,LIST,Missing,NO LIST,Missing,MISSING,Missing,MISSING,Missing,MISSING,Missing,MISSING,Missing,MISSING,Missing,MISSING,string
your_facebook_activity/messages/inbox/pelayoraulescarraman_3358809571014798/message_1.json,"{'participants': [{'name': 'string'}], 'messages': [{'sender_name': 'string', 'timestamp_ms': 'number', 'content': 'string', 'is_geoblocked_for_viewer': 'boolean', 'is_unsent_image_by_messenger_kid_parent': 'boolean'}], 'title': 'string', 'is_still_participant': 'boolean', 'thread_path': 'string', 'magic_words': 'array'}",your_facebook_activity,messages,inbox,Missing,message_1.json,messages,sender_name,LIST,Missing,NO LIST,Missing,MISSING,Missing,MISSING,Missing,MISSING,Missing,MISSING,Missing,MISSING,Missing,MISSING,string
your_facebook_activity/messages/inbox/pelayoraulescarraman_3358809571014798/message_1.json,"{'participants': [{'name': 'string'}], 'messages': [{'sender_name': 'string', 'timestamp_ms': 'number', 'content': 'string', 'is_geoblocked_for_viewer': 'boolean', 'is_unsent_image_by_messenger_kid_parent': 'boolean'}], 'title': 'string', 'is_still_participant': 'boolean', 'thread_path': 'string', 'magic_words': 'array'}",your_facebook_activity,messages,inbox,Missing,message_1.json,messages,timestamp_ms,LIST,Missing,NO LIST,Missing,MISSING,Missing,MISSING,Missing,MISSING,Missing,MISSING,Missing,MISSING,Missing,MISSING,number
your_facebook_activity/messages/inbox/pelayoraulescarraman_3358809571014798/message_1.json,"{'participants': [{'name': 'string'}], 'messages': [{'sender_name': 'string', 'timestamp_ms': 'number', 'content': 'string', 'is_geoblocked_for_viewer': 'boolean', 'is_unsent_image_by_messenger_kid_parent': 'boolean'}], 'title': 'string', 'is_still_participant': 'boolean', 'thread_path': 'string', 'magic_words': 'array'}",your_facebook_activity,messages,inbox,Missing,message_1.json,messages,content,LIST,Missing,NO LIST,Missing,MISSING,Missing,MISSING,Missing,MISSING,Missing,MISSING,Missing,MISSING,Missing,MISSING,string
your_facebook_activity/messages/inbox/pelayoraulescarraman_3358809571014798/message_1.json,"{'participants': [{'name': 'string'}], 'messages': [{'sender_name': 'string', 'timestamp_ms': 'number', 'content': 'string', 'is_geoblocked_for_viewer': 'boolean', 'is_unsent_image_by_messenger_kid_parent': 'boolean'}], 'title': 'string', 'is_still_participant': 'boolean', 'thread_path': 'string', 'magic_words': 'array'}",your_facebook_activity,messages,inbox,Missing,message_1.json,messages,is_geoblocked_for_viewer,LIST,Missing,NO LIST,Missing,MISSING,Missing,MISSING,Missing,MISSING,Missing,MISSING,Missing,MISSING,Missing,MISSING,boolean
your_facebook_activity/messages/inbox/pelayoraulescarraman_3358809571014798/message_1.json,"{'participants': [{'name': 'string'}], 'messages': [{'sender_name': 'string', 'timestamp_ms': 'number', 'content': 'string', 'is_geoblocked_for_viewer': 'boolean', 'is_unsent_image_by_messenger_kid_parent': 'boolean'}], 'title': 'string', 'is_still_participant': 'boolean', 'thread_path': 'string', 'magic_words': 'array'}",your_facebook_activity,messages,inbox,Missing,message_1.json,messages,is_unsent_image_by_messenger_kid_parent,LIST,Missing,NO LIST,Missing,MISSING,Missing,MISSING,Missing,MISSING,Missing,MISSING,Missing,MISSING,Missing,MISSING,boolean
your_facebook_activity/messages/inbox/pelayoraulescarraman_3358809571014798/message_1.json,"{'participants': [{'name': 'string'}], 'messages': [{'sender_name': 'string', 'timestamp_ms': 'number', 'content': 'string', 'is_geoblocked_for_viewer': 'boolean', 'is_unsent_image_by_messenger_kid_parent': 'boolean'}], 'title': 'string', 'is_still_participant': 'boolean', 'thread_path': 'string', 'magic_words': 'array'}",your_facebook_activity,messages,inbox,Missing,message_1.json,title,Missing,NO LIST,Missing,MISSING,Missing,MISSING,Missing,MISSING,Missing,MISSING,Missing,MISSING,Missing,MISSING,Missing,MISSING,string
your_facebook_activity/messages/inbox/pelayoraulescarraman_3358809571014798/message_1.json,"{'participants': [{'name': 'string'}], 'messages': [{'sender_name': 'string', 'timestamp_ms': 'number', 'content': 'string', 'is_geoblocked_for_viewer': 'boolean', 'is_unsent_image_by_messenger_kid_parent': 'boolean'}], 'title': 'string', 'is_still_participant': 'boolean', 'thread_path': 'string', 'magic_words': 'array'}",your_facebook_activity,messages,inbox,Missing,message_1.json,is_still_participant,Missing,NO LIST,Missing,MISSING,Missing,MISSING,Missing,MISSING,Missing,MISSING,Missing,MISSING,Missing,MISSING,Missing,MISSING,boolean
your_facebook_activity/messages/inbox/pelayoraulescarraman_3358809571014798/message_1.json,"{'participants': [{'name': 'string'}], 'messages': [{'sender_name': 'string', 'timestamp_ms': 'number', 'content': 'string', 'is_geoblocked_for_viewer': 'boolean', 'is_unsent_image_by_messenger_kid_parent': 'boolean'}], 'title': 'string', 'is_still_participant': 'boolean', 'thread_path': 'string', 'magic_words': 'array'}",your_facebook_activity,messages,inbox,Missing,message_1.json,thread_path,Missing,NO LIST,Missing,MISSING,Missing,MISSING,Missing,MISSING,Missing,MISSING,Missing,MISSING,Missing,MISSING,Missing,MISSING,string
your_facebook_activity/messages/inbox/pelayoraulescarraman_3358809571014798/message_1.json,"{'participants': [{'name': 'string'}], 'messages': [{'sender_name': 'string', 'timestamp_ms': 'number', 'content': 'string', 'is_geoblocked_for_viewer': 'boolean', 'is_unsent_image_by_messenger_kid_parent': 'boolean'}], 'title': 'string', 'is_still_participant': 'boolean', 'thread_path': 'string', 'magic_words': 'array'}",your_facebook_activity,messages,inbox,Missing,message_1.json,magic_words,Missing,NO LIST,Missing,MISSING,Missing,MISSING,Missing,MISSING,Missing,MISSING,Missing,MISSING,Missing,MISSING,Missing,MISSING,array
your_facebook_activity/messages/inbox/santiagotoresanocantalapiedra_2295468897348876/message_1.json,"{'participants': [{'name': 'string'}], 'messages': [{'sender_name': 'string', 'timestamp_ms': 'number', 'content': 'string', 'is_geoblocked_for_viewer': 'boolean', 'is_unsent_image_by_messenger_kid_parent': 'boolean'}], 'title': 'string', 'is_still_participant': 'boolean', 'thread_path': 'string', 'magic_words': 'array'}",your_facebook_activity,messages,inbox,Missing,message_1.json,participants,name,LIST,Missing,NO LIST,Missing,MISSING,Missing,MISSING,Missing,MISSING,Missing,MISSING,Missing,MISSING,Missing,MISSING,string
your_facebook_activity/messages/inbox/santiagotoresanocantalapiedra_2295468897348876/message_1.json,"{'participants': [{'name': 'string'}], 'messages': [{'sender_name': 'string', 'timestamp_ms': 'number', 'content': 'string', 'is_geoblocked_for_viewer': 'boolean', 'is_unsent_image_by_messenger_kid_parent': 'boolean'}], 'title': 'string', 'is_still_participant': 'boolean', 'thread_path': 'string', 'magic_words': 'array'}",your_facebook_activity,messages,inbox,Missing,message_1.json,messages,sender_name,LIST,Missing,NO LIST,Missing,MISSING,Missing,MISSING,Missing,MISSING,Missing,MISSING,Missing,MISSING,Missing,MISSING,string
your_facebook_activity/messages/inbox/santiagotoresanocantalapiedra_2295468897348876/message_1.json,"{'participants': [{'name': 'string'}], 'messages': [{'sender_name': 'string', 'timestamp_ms': 'number', 'content': 'string', 'is_geoblocked_for_viewer': 'boolean', 'is_unsent_image_by_messenger_kid_parent': 'boolean'}], 'title': 'string', 'is_still_participant': 'boolean', 'thread_path': 'string', 'magic_words': 'array'}",your_facebook_activity,messages,inbox,Missing,message_1.json,messages,timestamp_ms,LIST,Missing,NO LIST,Missing,MISSING,Missing,MISSING,Missing,MISSING,Missing,MISSING,Missing,MISSING,Missing,MISSING,number
your_facebook_activity/messages/inbox/santiagotoresanocantalapiedra_2295468897348876/message_1.json,"{'participants': [{'name': 'string'}], 'messages': [{'sender_name': 'string', 'timestamp_ms': 'number', 'content': 'string', 'is_geoblocked_for_viewer': 'boolean', 'is_unsent_image_by_messenger_kid_parent': 'boolean'}], 'title': 'string', 'is_still_participant': 'boolean', 'thread_path': 'string', 'magic_words': 'array'}",your_facebook_activity,messages,inbox,Missing,message_1.json,messages,content,LIST,Missing,NO LIST,Missing,MISSING,Missing,MISSING,Missing,MISSING,Missing,MISSING,Missing,MISSING,Missing,MISSING,string
your_facebook_activity/messages/inbox/santiagotoresanocantalapiedra_2295468897348876/message_1.json,"{'participants': [{'name': 'string'}], 'messages': [{'sender_name': 'string', 'timestamp_ms': 'number', 'content': 'string', 'is_geoblocked_for_viewer': 'boolean', 'is_unsent_image_by_messenger_kid_parent': 'boolean'}], 'title': 'string', 'is_still_participant': 'boolean', 'thread_path': 'string', 'magic_words': 'array'}",your_facebook_activity,messages,inbox,Missing,message_1.json,messages,is_geoblocked_for_viewer,LIST,Missing,NO LIST,Missing,MISSING,Missing,MISSING,Missing,MISSING,Missing,MISSING,Missing,MISSING,Missing,MISSING,boolean
your_facebook_activity/messages/inbox/santiagotoresanocantalapiedra_2295468897348876/message_1.json,"{'participants': [{'name': 'string'}], 'messages': [{'sender_name': 'string', 'timestamp_ms': 'number', 'content': 'string', 'is_geoblocked_for_viewer': 'boolean', 'is_unsent_image_by_messenger_kid_parent': 'boolean'}], 'title': 'string', 'is_still_participant': 'boolean', 'thread_path': 'string', 'magic_words': 'array'}",your_facebook_activity,messages,inbox,Missing,message_1.json,messages,is_unsent_image_by_messenger_kid_parent,LIST,Missing,NO LIST,Missing,MISSING,Missing,MISSING,Missing,MISSING,Missing,MISSING,Missing,MISSING,Missing,MISSING,boolean
your_facebook_activity/messages/inbox/santiagotoresanocantalapiedra_2295468897348876/message_1.json,"{'participants': [{'name': 'string'}], 'messages': [{'sender_name': 'string', 'timestamp_ms': 'number', 'content': 'string', 'is_geoblocked_for_viewer': 'boolean', 'is_unsent_image_by_messenger_kid_parent': 'boolean'}], 'title': 'string', 'is_still_participant': 'boolean', 'thread_path': 'string', 'magic_words': 'array'}",your_facebook_activity,messages,inbox,Missing,message_1.json,title,Missing,NO LIST,Missing,MISSING,Missing,MISSING,Missing,MISSING,Missing,MISSING,Missing,MISSING,Missing,MISSING,Missing,MISSING,string
your_facebook_activity/messages/inbox/santiagotoresanocantalapiedra_2295468897348876/message_1.json,"{'participants': [{'name': 'string'}], 'messages': [{'sender_name': 'string', 'timestamp_ms': 'number', 'content': 'string', 'is_geoblocked_for_viewer': 'boolean', 'is_unsent_image_by_messenger_kid_parent': 'boolean'}], 'title': 'string', 'is_still_participant': 'boolean', 'thread_path': 'string', 'magic_words': 'array'}",your_facebook_activity,messages,inbox,Missing,message_1.json,is_still_participant,Missing,NO LIST,Missing,MISSING,Missing,MISSING,Missing,MISSING,Missing,MISSING,Missing,MISSING,Missing,MISSING,Missing,MISSING,boolean
your_facebook_activity/messages/inbox/santiagotoresanocantalapiedra_2295468897348876/message_1.json,"{'participants': [{'name': 'string'}], 'messages': [{'sender_name': 'string', 'timestamp_ms': 'number', 'content': 'string', 'is_geoblocked_for_viewer': 'boolean', 'is_unsent_image_by_messenger_kid_parent': 'boolean'}], 'title': 'string', 'is_still_participant': 'boolean', 'thread_path': 'string', 'magic_words': 'array'}",your_facebook_activity,messages,inbox,Missing,message_1.json,thread_path,Missing,NO LIST,Missing,MISSING,Missing,MISSING,Missing,MISSING,Missing,MISSING,Missing,MISSING,Missing,MISSING,Missing,MISSING,string
your_facebook_activity/messages/inbox/santiagotoresanocantalapiedra_2295468897348876/message_1.json,"{'participants': [{'name': 'string'}], 'messages': [{'sender_name': 'string', 'timestamp_ms': 'number', 'content': 'string', 'is_geoblocked_for_viewer': 'boolean', 'is_unsent_image_by_messenger_kid_parent': 'boolean'}], 'title': 'string', 'is_still_participant': 'boolean', 'thread_path': 'string', 'magic_words': 'array'}",your_facebook_activity,messages,inbox,Missing,message_1.json,magic_words,Missing,NO LIST,Missing,MISSING,Missing,MISSING,Missing,MISSING,Missing,MISSING,Missing,MISSING,Missing,MISSING,Missing,MISSING,array
your_facebook_activity/messages/inbox/usuariodefacebook_1398772416924889/message_1.json,"{'participants': [{'name': 'string'}], 'messages': [{'sender_name': 'string', 'timestamp_ms': 'number', 'content': 'string', 'is_geoblocked_for_viewer': 'boolean', 'is_unsent_image_by_messenger_kid_parent': 'boolean'}], 'title': 'string', 'is_still_participant': 'boolean', 'thread_path': 'string', 'magic_words': 'array'}",your_facebook_activity,messages,inbox,Missing,message_1.json,participants,name,LIST,Missing,NO LIST,Missing,MISSING,Missing,MISSING,Missing,MISSING,Missing,MISSING,Missing,MISSING,Missing,MISSING,string
your_facebook_activity/messages/inbox/usuariodefacebook_1398772416924889/message_1.json,"{'participants': [{'name': 'string'}], 'messages': [{'sender_name': 'string', 'timestamp_ms': 'number', 'content': 'string', 'is_geoblocked_for_viewer': 'boolean', 'is_unsent_image_by_messenger_kid_parent': 'boolean'}], 'title': 'string', 'is_still_participant': 'boolean', 'thread_path': 'string', 'magic_words': 'array'}",your_facebook_activity,messages,inbox,Missing,message_1.json,messages,sender_name,LIST,Missing,NO LIST,Missing,MISSING,Missing,MISSING,Missing,MISSING,Missing,MISSING,Missing,MISSING,Missing,MISSING,string
your_facebook_activity/messages/inbox/usuariodefacebook_1398772416924889/message_1.json,"{'participants': [{'name': 'string'}], 'messages': [{'sender_name': 'string', 'timestamp_ms': 'number', 'content': 'string', 'is_geoblocked_for_viewer': 'boolean', 'is_unsent_image_by_messenger_kid_parent': 'boolean'}], 'title': 'string', 'is_still_participant': 'boolean', 'thread_path': 'string', 'magic_words': 'array'}",your_facebook_activity,messages,inbox,Missing,message_1.json,messages,timestamp_ms,LIST,Missing,NO LIST,Missing,MISSING,Missing,MISSING,Missing,MISSING,Missing,MISSING,Missing,MISSING,Missing,MISSING,number
your_facebook_activity/messages/inbox/usuariodefacebook_1398772416924889/message_1.json,"{'participants': [{'name': 'string'}], 'messages': [{'sender_name': 'string', 'timestamp_ms': 'number', 'content': 'string', 'is_geoblocked_for_viewer': 'boolean', 'is_unsent_image_by_messenger_kid_parent': 'boolean'}], 'title': 'string', 'is_still_participant': 'boolean', 'thread_path': 'string', 'magic_words': 'array'}",your_facebook_activity,messages,inbox,Missing,message_1.json,messages,content,LIST,Missing,NO LIST,Missing,MISSING,Missing,MISSING,Missing,MISSING,Missing,MISSING,Missing,MISSING,Missing,MISSING,string
your_facebook_activity/messages/inbox/usuariodefacebook_1398772416924889/message_1.json,"{'participants': [{'name': 'string'}], 'messages': [{'sender_name': 'string', 'timestamp_ms': 'number', 'content': 'string', 'is_geoblocked_for_viewer': 'boolean', 'is_unsent_image_by_messenger_kid_parent': 'boolean'}], 'title': 'string', 'is_still_participant': 'boolean', 'thread_path': 'string', 'magic_words': 'array'}",your_facebook_activity,messages,inbox,Missing,message_1.json,messages,is_geoblocked_for_viewer,LIST,Missing,NO LIST,Missing,MISSING,Missing,MISSING,Missing,MISSING,Missing,MISSING,Missing,MISSING,Missing,MISSING,boolean
your_facebook_activity/messages/inbox/usuariodefacebook_1398772416924889/message_1.json,"{'participants': [{'name': 'string'}], 'messages': [{'sender_name': 'string', 'timestamp_ms': 'number', 'content': 'string', 'is_geoblocked_for_viewer': 'boolean', 'is_unsent_image_by_messenger_kid_parent': 'boolean'}], 'title': 'string', 'is_still_participant': 'boolean', 'thread_path': 'string', 'magic_words': 'array'}",your_facebook_activity,messages,inbox,Missing,message_1.json,messages,is_unsent_image_by_messenger_kid_parent,LIST,Missing,NO LIST,Missing,MISSING,Missing,MISSING,Missing,MISSING,Missing,MISSING,Missing,MISSING,Missing,MISSING,boolean
your_facebook_activity/messages/inbox/usuariodefacebook_1398772416924889/message_1.json,"{'participants': [{'name': 'string'}], 'messages': [{'sender_name': 'string', 'timestamp_ms': 'number', 'content': 'string', 'is_geoblocked_for_viewer': 'boolean', 'is_unsent_image_by_messenger_kid_parent': 'boolean'}], 'title': 'string', 'is_still_participant': 'boolean', 'thread_path': 'string', 'magic_words': 'array'}",your_facebook_activity,messages,inbox,Missing,message_1.json,title,Missing,NO LIST,Missing,MISSING,Missing,MISSING,Missing,MISSING,Missing,MISSING,Missing,MISSING,Missing,MISSING,Missing,MISSING,string
your_facebook_activity/messages/inbox/usuariodefacebook_1398772416924889/message_1.json,"{'participants': [{'name': 'string'}], 'messages': [{'sender_name': 'string', 'timestamp_ms': 'number', 'content': 'string', 'is_geoblocked_for_viewer': 'boolean', 'is_unsent_image_by_messenger_kid_parent': 'boolean'}], 'title': 'string', 'is_still_participant': 'boolean', 'thread_path': 'string', 'magic_words': 'array'}",your_facebook_activity,messages,inbox,Missing,message_1.json,is_still_participant,Missing,NO LIST,Missing,MISSING,Missing,MISSING,Missing,MISSING,Missing,MISSING,Missing,MISSING,Missing,MISSING,Missing,MISSING,boolean
your_facebook_activity/messages/inbox/usuariodefacebook_1398772416924889/message_1.json,"{'participants': [{'name': 'string'}], 'messages': [{'sender_name': 'string', 'timestamp_ms': 'number', 'content': 'string', 'is_geoblocked_for_viewer': 'boolean', 'is_unsent_image_by_messenger_kid_parent': 'boolean'}], 'title': 'string', 'is_still_participant': 'boolean', 'thread_path': 'string', 'magic_words': 'array'}",your_facebook_activity,messages,inbox,Missing,message_1.json,thread_path,Missing,NO LIST,Missing,MISSING,Missing,MISSING,Missing,MISSING,Missing,MISSING,Missing,MISSING,Missing,MISSING,Missing,MISSING,string
your_facebook_activity/messages/inbox/usuariodefacebook_1398772416924889/message_1.json,"{'participants': [{'name': 'string'}], 'messages': [{'sender_name': 'string', 'timestamp_ms': 'number', 'content': 'string', 'is_geoblocked_for_viewer': 'boolean', 'is_unsent_image_by_messenger_kid_parent': 'boolean'}], 'title': 'string', 'is_still_participant': 'boolean', 'thread_path': 'string', 'magic_words': 'array'}",your_facebook_activity,messages,inbox,Missing,message_1.json,magic_words,Missing,NO LIST,Missing,MISSING,Missing,MISSING,Missing,MISSING,Missing,MISSING,Missing,MISSING,Missing,MISSING,Missing,MISSING,array
your_facebook_activity/messages/message_requests/usuariodefacebook_2994025280826564/message_1.json,"{'participants': [{'name': 'string'}], 'messages': [{'sender_name': 'string', 'timestamp_ms': 'number', 'is_geoblocked_for_viewer': 'boolean', 'is_unsent_image_by_messenger_kid_parent': 'boolean'}], 'title': 'string', 'is_still_participant': 'boolean', 'thread_path': 'string', 'magic_words': 'array', 'is_pending': 'boolean'}",your_facebook_activity,messages,message_requests,Missing,message_1.json,participants,name,LIST,Missing,NO LIST,Missing,MISSING,Missing,MISSING,Missing,MISSING,Missing,MISSING,Missing,MISSING,Missing,MISSING,string
your_facebook_activity/messages/message_requests/usuariodefacebook_2994025280826564/message_1.json,"{'participants': [{'name': 'string'}], 'messages': [{'sender_name': 'string', 'timestamp_ms': 'number', 'is_geoblocked_for_viewer': 'boolean', 'is_unsent_image_by_messenger_kid_parent': 'boolean'}], 'title': 'string', 'is_still_participant': 'boolean', 'thread_path': 'string', 'magic_words': 'array', 'is_pending': 'boolean'}",your_facebook_activity,messages,message_requests,Missing,message_1.json,messages,sender_name,LIST,Missing,NO LIST,Missing,MISSING,Missing,MISSING,Missing,MISSING,Missing,MISSING,Missing,MISSING,Missing,MISSING,string
your_facebook_activity/messages/message_requests/usuariodefacebook_2994025280826564/message_1.json,"{'participants': [{'name': 'string'}], 'messages': [{'sender_name': 'string', 'timestamp_ms': 'number', 'is_geoblocked_for_viewer': 'boolean', 'is_unsent_image_by_messenger_kid_parent': 'boolean'}], 'title': 'string', 'is_still_participant': 'boolean', 'thread_path': 'string', 'magic_words': 'array', 'is_pending': 'boolean'}",your_facebook_activity,messages,message_requests,Missing,message_1.json,messages,timestamp_ms,LIST,Missing,NO LIST,Missing,MISSING,Missing,MISSING,Missing,MISSING,Missing,MISSING,Missing,MISSING,Missing,MISSING,number
your_facebook_activity/messages/message_requests/usuariodefacebook_2994025280826564/message_1.json,"{'participants': [{'name': 'string'}], 'messages': [{'sender_name': 'string', 'timestamp_ms': 'number', 'is_geoblocked_for_viewer': 'boolean', 'is_unsent_image_by_messenger_kid_parent': 'boolean'}], 'title': 'string', 'is_still_participant': 'boolean', 'thread_path': 'string', 'magic_words': 'array', 'is_pending': 'boolean'}",your_facebook_activity,messages,message_requests,Missing,message_1.json,messages,is_geoblocked_for_viewer,LIST,Missing,NO LIST,Missing,MISSING,Missing,MISSING,Missing,MISSING,Missing,MISSING,Missing,MISSING,Missing,MISSING,boolean
your_facebook_activity/messages/message_requests/usuariodefacebook_2994025280826564/message_1.json,"{'participants': [{'name': 'string'}], 'messages': [{'sender_name': 'string', 'timestamp_ms': 'number', 'is_geoblocked_for_viewer': 'boolean', 'is_unsent_image_by_messenger_kid_parent': 'boolean'}], 'title': 'string', 'is_still_participant': 'boolean', 'thread_path': 'string', 'magic_words': 'array', 'is_pending': 'boolean'}",your_facebook_activity,messages,message_requests,Missing,message_1.json,messages,is_unsent_image_by_messenger_kid_parent,LIST,Missing,NO LIST,Missing,MISSING,Missing,MISSING,Missing,MISSING,Missing,MISSING,Missing,MISSING,Missing,MISSING,boolean
your_facebook_activity/messages/message_requests/usuariodefacebook_2994025280826564/message_1.json,"{'participants': [{'name': 'string'}], 'messages': [{'sender_name': 'string', 'timestamp_ms': 'number', 'is_geoblocked_for_viewer': 'boolean', 'is_unsent_image_by_messenger_kid_parent': 'boolean'}], 'title': 'string', 'is_still_participant': 'boolean', 'thread_path': 'string', 'magic_words': 'array', 'is_pending': 'boolean'}",your_facebook_activity,messages,message_requests,Missing,message_1.json,title,Missing,NO LIST,Missing,MISSING,Missing,MISSING,Missing,MISSING,Missing,MISSING,Missing,MISSING,Missing,MISSING,Missing,MISSING,string
your_facebook_activity/messages/message_requests/usuariodefacebook_2994025280826564/message_1.json,"{'participants': [{'name': 'string'}], 'messages': [{'sender_name': 'string', 'timestamp_ms': 'number', 'is_geoblocked_for_viewer': 'boolean', 'is_unsent_image_by_messenger_kid_parent': 'boolean'}], 'title': 'string', 'is_still_participant': 'boolean', 'thread_path': 'string', 'magic_words': 'array', 'is_pending': 'boolean'}",your_facebook_activity,messages,message_requests,Missing,message_1.json,is_still_participant,Missing,NO LIST,Missing,MISSING,Missing,MISSING,Missing,MISSING,Missing,MISSING,Missing,MISSING,Missing,MISSING,Missing,MISSING,boolean
your_facebook_activity/messages/message_requests/usuariodefacebook_2994025280826564/message_1.json,"{'participants': [{'name': 'string'}], 'messages': [{'sender_name': 'string', 'timestamp_ms': 'number', 'is_geoblocked_for_viewer': 'boolean', 'is_unsent_image_by_messenger_kid_parent': 'boolean'}], 'title': 'string', 'is_still_participant': 'boolean', 'thread_path': 'string', 'magic_words': 'array', 'is_pending': 'boolean'}",your_facebook_activity,messages,message_requests,Missing,message_1.json,thread_path,Missing,NO LIST,Missing,MISSING,Missing,MISSING,Missing,MISSING,Missing,MISSING,Missing,MISSING,Missing,MISSING,Missing,MISSING,string
your_facebook_activity/messages/message_requests/usuariodefacebook_2994025280826564/message_1.json,"{'participants': [{'name': 'string'}], 'messages': [{'sender_name': 'string', 'timestamp_ms': 'number', 'is_geoblocked_for_viewer': 'boolean', 'is_unsent_image_by_messenger_kid_parent': 'boolean'}], 'title': 'string', 'is_still_participant': 'boolean', 'thread_path': 'string', 'magic_words': 'array', 'is_pending': 'boolean'}",your_facebook_activity,messages,message_requests,Missing,message_1.json,magic_words,Missing,NO LIST,Missing,MISSING,Missing,MISSING,Missing,MISSING,Missing,MISSING,Missing,MISSING,Missing,MISSING,Missing,MISSING,array
your_facebook_activity/messages/message_requests/usuariodefacebook_2994025280826564/message_1.json,"{'participants': [{'name': 'string'}], 'messages': [{'sender_name': 'string', 'timestamp_ms': 'number', 'is_geoblocked_for_viewer': 'boolean', 'is_unsent_image_by_messenger_kid_parent': 'boolean'}], 'title': 'string', 'is_still_participant': 'boolean', 'thread_path': 'string', 'magic_words': 'array', 'is_pending': 'boolean'}",your_facebook_activity,messages,message_requests,Missing,message_1.json,is_pending,Missing,NO LIST,Missing,MISSING,Missing,MISSING,Missing,MISSING,Missing,MISSING,Missing,MISSING,Missing,MISSING,Missing,MISSING,boolean
your_facebook_activity/messages/message_requests/usuariodefacebook_2982198952009197/message_1.json,"{'participants': [{'name': 'string'}], 'messages': [{'sender_name': 'string', 'timestamp_ms': 'number', 'is_geoblocked_for_viewer': 'boolean', 'is_unsent_image_by_messenger_kid_parent': 'boolean'}], 'title': 'string', 'is_still_participant': 'boolean', 'thread_path': 'string', 'magic_words': 'array', 'is_pending': 'boolean'}",your_facebook_activity,messages,message_requests,Missing,message_1.json,participants,name,LIST,Missing,NO LIST,Missing,MISSING,Missing,MISSING,Missing,MISSING,Missing,MISSING,Missing,MISSING,Missing,MISSING,string
your_facebook_activity/messages/message_requests/usuariodefacebook_2982198952009197/message_1.json,"{'participants': [{'name': 'string'}], 'messages': [{'sender_name': 'string', 'timestamp_ms': 'number', 'is_geoblocked_for_viewer': 'boolean', 'is_unsent_image_by_messenger_kid_parent': 'boolean'}], 'title': 'string', 'is_still_participant': 'boolean', 'thread_path': 'string', 'magic_words': 'array', 'is_pending': 'boolean'}",your_facebook_activity,messages,message_requests,Missing,message_1.json,messages,sender_name,LIST,Missing,NO LIST,Missing,MISSING,Missing,MISSING,Missing,MISSING,Missing,MISSING,Missing,MISSING,Missing,MISSING,string
your_facebook_activity/messages/message_requests/usuariodefacebook_2982198952009197/message_1.json,"{'participants': [{'name': 'string'}], 'messages': [{'sender_name': 'string', 'timestamp_ms': 'number', 'is_geoblocked_for_viewer': 'boolean', 'is_unsent_image_by_messenger_kid_parent': 'boolean'}], 'title': 'string', 'is_still_participant': 'boolean', 'thread_path': 'string', 'magic_words': 'array', 'is_pending': 'boolean'}",your_facebook_activity,messages,message_requests,Missing,message_1.json,messages,timestamp_ms,LIST,Missing,NO LIST,Missing,MISSING,Missing,MISSING,Missing,MISSING,Missing,MISSING,Missing,MISSING,Missing,MISSING,number
your_facebook_activity/messages/message_requests/usuariodefacebook_2982198952009197/message_1.json,"{'participants': [{'name': 'string'}], 'messages': [{'sender_name': 'string', 'timestamp_ms': 'number', 'is_geoblocked_for_viewer': 'boolean', 'is_unsent_image_by_messenger_kid_parent': 'boolean'}], 'title': 'string', 'is_still_participant': 'boolean', 'thread_path': 'string', 'magic_words': 'array', 'is_pending': 'boolean'}",your_facebook_activity,messages,message_requests,Missing,message_1.json,messages,is_geoblocked_for_viewer,LIST,Missing,NO LIST,Missing,MISSING,Missing,MISSING,Missing,MISSING,Missing,MISSING,Missing,MISSING,Missing,MISSING,boolean
your_facebook_activity/messages/message_requests/usuariodefacebook_2982198952009197/message_1.json,"{'participants': [{'name': 'string'}], 'messages': [{'sender_name': 'string', 'timestamp_ms': 'number', 'is_geoblocked_for_viewer': 'boolean', 'is_unsent_image_by_messenger_kid_parent': 'boolean'}], 'title': 'string', 'is_still_participant': 'boolean', 'thread_path': 'string', 'magic_words': 'array', 'is_pending': 'boolean'}",your_facebook_activity,messages,message_requests,Missing,message_1.json,messages,is_unsent_image_by_messenger_kid_parent,LIST,Missing,NO LIST,Missing,MISSING,Missing,MISSING,Missing,MISSING,Missing,MISSING,Missing,MISSING,Missing,MISSING,boolean
your_facebook_activity/messages/message_requests/usuariodefacebook_2982198952009197/message_1.json,"{'participants': [{'name': 'string'}], 'messages': [{'sender_name': 'string', 'timestamp_ms': 'number', 'is_geoblocked_for_viewer': 'boolean', 'is_unsent_image_by_messenger_kid_parent': 'boolean'}], 'title': 'string', 'is_still_participant': 'boolean', 'thread_path': 'string', 'magic_words': 'array', 'is_pending': 'boolean'}",your_facebook_activity,messages,message_requests,Missing,message_1.json,title,Missing,NO LIST,Missing,MISSING,Missing,MISSING,Missing,MISSING,Missing,MISSING,Missing,MISSING,Missing,MISSING,Missing,MISSING,string
your_facebook_activity/messages/message_requests/usuariodefacebook_2982198952009197/message_1.json,"{'participants': [{'name': 'string'}], 'messages': [{'sender_name': 'string', 'timestamp_ms': 'number', 'is_geoblocked_for_viewer': 'boolean', 'is_unsent_image_by_messenger_kid_parent': 'boolean'}], 'title': 'string', 'is_still_participant': 'boolean', 'thread_path': 'string', 'magic_words': 'array', 'is_pending': 'boolean'}",your_facebook_activity,messages,message_requests,Missing,message_1.json,is_still_participant,Missing,NO LIST,Missing,MISSING,Missing,MISSING,Missing,MISSING,Missing,MISSING,Missing,MISSING,Missing,MISSING,Missing,MISSING,boolean
your_facebook_activity/messages/message_requests/usuariodefacebook_2982198952009197/message_1.json,"{'participants': [{'name': 'string'}], 'messages': [{'sender_name': 'string', 'timestamp_ms': 'number', 'is_geoblocked_for_viewer': 'boolean', 'is_unsent_image_by_messenger_kid_parent': 'boolean'}], 'title': 'string', 'is_still_participant': 'boolean', 'thread_path': 'string', 'magic_words': 'array', 'is_pending': 'boolean'}",your_facebook_activity,messages,message_requests,Missing,message_1.json,thread_path,Missing,NO LIST,Missing,MISSING,Missing,MISSING,Missing,MISSING,Missing,MISSING,Missing,MISSING,Missing,MISSING,Missing,MISSING,string
your_facebook_activity/messages/message_requests/usuariodefacebook_2982198952009197/message_1.json,"{'participants': [{'name': 'string'}], 'messages': [{'sender_name': 'string', 'timestamp_ms': 'number', 'is_geoblocked_for_viewer': 'boolean', 'is_unsent_image_by_messenger_kid_parent': 'boolean'}], 'title': 'string', 'is_still_participant': 'boolean', 'thread_path': 'string', 'magic_words': 'array', 'is_pending': 'boolean'}",your_facebook_activity,messages,message_requests,Missing,message_1.json,magic_words,Missing,NO LIST,Missing,MISSING,Missing,MISSING,Missing,MISSING,Missing,MISSING,Missing,MISSING,Missing,MISSING,Missing,MISSING,array
your_facebook_activity/messages/message_requests/usuariodefacebook_2982198952009197/message_1.json,"{'participants': [{'name': 'string'}], 'messages': [{'sender_name': 'string', 'timestamp_ms': 'number', 'is_geoblocked_for_viewer': 'boolean', 'is_unsent_image_by_messenger_kid_parent': 'boolean'}], 'title': 'string', 'is_still_participant': 'boolean', 'thread_path': 'string', 'magic_words': 'array', 'is_pending': 'boolean'}",your_facebook_activity,messages,message_requests,Missing,message_1.json,is_pending,Missing,NO LIST,Missing,MISSING,Missing,MISSING,Missing,MISSING,Missing,MISSING,Missing,MISSING,Missing,MISSING,Missing,MISSING,boolean
your_facebook_activity/navigation_bar/notification_tab_display_information.json,"{'timestamp': 'number', 'media': 'array', 'label_values': [{'label': 'string', 'value': 'string'}], 'fbid': 'string'}",your_facebook_activity,navigation_bar,Missing,Missing,notification_tab_display_information.json,timestamp,Missing,NO LIST,Missing,MISSING,Missing,MISSING,Missing,MISSING,Missing,MISSING,Missing,MISSING,Missing,MISSING,Missing,MISSING,number
your_facebook_activity/navigation_bar/notification_tab_display_information.json,"{'timestamp': 'number', 'media': 'array', 'label_values': [{'label': 'string', 'value': 'string'}], 'fbid': 'string'}",your_facebook_activity,navigation_bar,Missing,Missing,notification_tab_display_information.json,media,Missing,NO LIST,Missing,MISSING,Missing,MISSING,Missing,MISSING,Missing,MISSING,Missing,MISSING,Missing,MISSING,Missing,MISSING,array
your_facebook_activity/navigation_bar/notification_tab_display_information.json,"{'timestamp': 'number', 'media': 'array', 'label_values': [{'label': 'string', 'value': 'string'}], 'fbid': 'string'}",your_facebook_activity,navigation_bar,Missing,Missing,notification_tab_display_information.json,label_values,label,LIST,Missing,NO LIST,Missing,MISSING,Missing,MISSING,Missing,MISSING,Missing,MISSING,Missing,MISSING,Missing,MISSING,string
your_facebook_activity/navigation_bar/notification_tab_display_information.json,"{'timestamp': 'number', 'media': 'array', 'label_values': [{'label': 'string', 'value': 'string'}], 'fbid': 'string'}",your_facebook_activity,navigation_bar,Missing,Missing,notification_tab_display_information.json,label_values,value,LIST,Missing,NO LIST,Missing,MISSING,Missing,MISSING,Missing,MISSING,Missing,MISSING,Missing,MISSING,Missing,MISSING,string
your_facebook_activity/navigation_bar/notification_tab_display_information.json,"{'timestamp': 'number', 'media': 'array', 'label_values': [{'label': 'string', 'value': 'string'}], 'fbid': 'string'}",your_facebook_activity,navigation_bar,Missing,Missing,notification_tab_display_information.json,fbid,Missing,NO LIST,Missing,MISSING,Missing,MISSING,Missing,MISSING,Missing,MISSING,Missing,MISSING,Missing,MISSING,Missing,MISSING,string
your_facebook_activity/navigation_bar/your_tab_notifications.json,"{'media': 'array', 'label_values': [{'label': 'string', 'value': 'string'}], 'fbid': 'string'}",your_facebook_activity,navigation_bar,Missing,Missing,your_tab_notifications.json,media,Missing,NO LIST,Missing,MISSING,Missing,MISSING,Missing,MISSING,Missing,MISSING,Missing,MISSING,Missing,MISSING,Missing,MISSING,array
your_facebook_activity/navigation_bar/your_tab_notifications.json,"{'media': 'array', 'label_values': [{'label': 'string', 'value': 'string'}], 'fbid': 'string'}",your_facebook_activity,navigation_bar,Missing,Missing,your_tab_notifications.json,label_values,label,LIST,Missing,NO LIST,Missing,MISSING,Missing,MISSING,Missing,MISSING,Missing,MISSING,Missing,MISSING,Missing,MISSING,string
your_facebook_activity/navigation_bar/your_tab_notifications.json,"{'media': 'array', 'label_values': [{'label': 'string', 'value': 'string'}], 'fbid': 'string'}",your_facebook_activity,navigation_bar,Missing,Missing,your_tab_notifications.json,label_values,value,LIST,Missing,NO LIST,Missing,MISSING,Missing,MISSING,Missing,MISSING,Missing,MISSING,Missing,MISSING,Missing,MISSING,string
your_facebook_activity/navigation_bar/your_tab_notifications.json,"{'media': 'array', 'label_values': [{'label': 'string', 'value': 'string'}], 'fbid': 'string'}",your_facebook_activity,navigation_bar,Missing,Missing,your_tab_notifications.json,fbid,Missing,NO LIST,Missing,MISSING,Missing,MISSING,Missing,MISSING,Missing,MISSING,Missing,MISSING,Missing,MISSING,Missing,MISSING,string
your_facebook_activity/navigation_bar/navigation_bar_shortcut_history.json,"{'timestamp': 'number', 'media': 'array', 'label_values': [{'label': 'string', 'vec': [{'dict': [{'label': 'string', 'value': 'string'}]}]}], 'fbid': 'string'}",your_facebook_activity,navigation_bar,Missing,Missing,navigation_bar_shortcut_history.json,timestamp,Missing,NO LIST,Missing,MISSING,Missing,MISSING,Missing,MISSING,Missing,MISSING,Missing,MISSING,Missing,MISSING,Missing,MISSING,number
your_facebook_activity/navigation_bar/navigation_bar_shortcut_history.json,"{'timestamp': 'number', 'media': 'array', 'label_values': [{'label': 'string', 'vec': [{'dict': [{'label': 'string', 'value': 'string'}]}]}], 'fbid': 'string'}",your_facebook_activity,navigation_bar,Missing,Missing,navigation_bar_shortcut_history.json,media,Missing,NO LIST,Missing,MISSING,Missing,MISSING,Missing,MISSING,Missing,MISSING,Missing,MISSING,Missing,MISSING,Missing,MISSING,array
your_facebook_activity/navigation_bar/navigation_bar_shortcut_history.json,"{'timestamp': 'number', 'media': 'array', 'label_values': [{'label': 'string', 'vec': [{'dict': [{'label': 'string', 'value': 'string'}]}]}], 'fbid': 'string'}",your_facebook_activity,navigation_bar,Missing,Missing,navigation_bar_shortcut_history.json,label_values,label,LIST,Missing,NO LIST,Missing,MISSING,Missing,MISSING,Missing,MISSING,Missing,MISSING,Missing,MISSING,Missing,MISSING,string
your_facebook_activity/navigation_bar/navigation_bar_shortcut_history.json,"{'timestamp': 'number', 'media': 'array', 'label_values': [{'label': 'string', 'vec': [{'dict': [{'label': 'string', 'value': 'string'}]}]}], 'fbid': 'string'}",your_facebook_activity,navigation_bar,Missing,Missing,navigation_bar_shortcut_history.json,label_values,vec,LIST,Missing,LIST,label,LIST,Missing,NO LIST,Missing,MISSING,Missing,MISSING,Missing,MISSING,Missing,MISSING,string
your_facebook_activity/navigation_bar/navigation_bar_shortcut_history.json,"{'timestamp': 'number', 'media': 'array', 'label_values': [{'label': 'string', 'vec': [{'dict': [{'label': 'string', 'value': 'string'}]}]}], 'fbid': 'string'}",your_facebook_activity,navigation_bar,Missing,Missing,navigation_bar_shortcut_history.json,label_values,vec,LIST,Missing,LIST,value,LIST,Missing,NO LIST,Missing,MISSING,Missing,MISSING,Missing,MISSING,Missing,MISSING,string
your_facebook_activity/navigation_bar/navigation_bar_shortcut_history.json,"{'timestamp': 'number', 'media': 'array', 'label_values': [{'label': 'string', 'vec': [{'dict': [{'label': 'string', 'value': 'string'}]}]}], 'fbid': 'string'}",your_facebook_activity,navigation_bar,Missing,Missing,navigation_bar_shortcut_history.json,fbid,Missing,NO LIST,Missing,MISSING,Missing,MISSING,Missing,MISSING,Missing,MISSING,Missing,MISSING,Missing,MISSING,Missing,MISSING,string
your_facebook_activity/facebook_payments/payment_addresses.json,"{'title': 'string', 'media': 'array', 'label_values': [{'label': 'string', 'value': 'string'}], 'fbid': 'string'}",your_facebook_activity,facebook_payments,Missing,Missing,payment_addresses.json,title,Missing,NO LIST,Missing,MISSING,Missing,MISSING,Missing,MISSING,Missing,MISSING,Missing,MISSING,Missing,MISSING,Missing,MISSING,string
your_facebook_activity/facebook_payments/payment_addresses.json,"{'title': 'string', 'media': 'array', 'label_values': [{'label': 'string', 'value': 'string'}], 'fbid': 'string'}",your_facebook_activity,facebook_payments,Missing,Missing,payment_addresses.json,media,Missing,NO LIST,Missing,MISSING,Missing,MISSING,Missing,MISSING,Missing,MISSING,Missing,MISSING,Missing,MISSING,Missing,MISSING,array
your_facebook_activity/facebook_payments/payment_addresses.json,"{'title': 'string', 'media': 'array', 'label_values': [{'label': 'string', 'value': 'string'}], 'fbid': 'string'}",your_facebook_activity,facebook_payments,Missing,Missing,payment_addresses.json,label_values,label,LIST,Missing,NO LIST,Missing,MISSING,Missing,MISSING,Missing,MISSING,Missing,MISSING,Missing,MISSING,Missing,MISSING,string
your_facebook_activity/facebook_payments/payment_addresses.json,"{'title': 'string', 'media': 'array', 'label_values': [{'label': 'string', 'value': 'string'}], 'fbid': 'string'}",your_facebook_activity,facebook_payments,Missing,Missing,payment_addresses.json,label_values,value,LIST,Missing,NO LIST,Missing,MISSING,Missing,MISSING,Missing,MISSING,Missing,MISSING,Missing,MISSING,Missing,MISSING,string
your_facebook_activity/facebook_payments/payment_addresses.json,"{'title': 'string', 'media': 'array', 'label_values': [{'label': 'string', 'value': 'string'}], 'fbid': 'string'}",your_facebook_activity,facebook_payments,Missing,Missing,payment_addresses.json,fbid,Missing,NO LIST,Missing,MISSING,Missing,MISSING,Missing,MISSING,Missing,MISSING,Missing,MISSING,Missing,MISSING,Missing,MISSING,string
your_facebook_activity/facebook_payments/your_payment_account_activity_history.json,"{'timestamp': 'number', 'media': 'array', 'label_values': [{'label': 'string', 'value': 'string'}], 'fbid': 'string'}",your_facebook_activity,facebook_payments,Missing,Missing,your_payment_account_activity_history.json,timestamp,Missing,NO LIST,Missing,MISSING,Missing,MISSING,Missing,MISSING,Missing,MISSING,Missing,MISSING,Missing,MISSING,Missing,MISSING,number
your_facebook_activity/facebook_payments/your_payment_account_activity_history.json,"{'timestamp': 'number', 'media': 'array', 'label_values': [{'label': 'string', 'value': 'string'}], 'fbid': 'string'}",your_facebook_activity,facebook_payments,Missing,Missing,your_payment_account_activity_history.json,media,Missing,NO LIST,Missing,MISSING,Missing,MISSING,Missing,MISSING,Missing,MISSING,Missing,MISSING,Missing,MISSING,Missing,MISSING,array
your_facebook_activity/facebook_payments/your_payment_account_activity_history.json,"{'timestamp': 'number', 'media': 'array', 'label_values': [{'label': 'string', 'value': 'string'}], 'fbid': 'string'}",your_facebook_activity,facebook_payments,Missing,Missing,your_payment_account_activity_history.json,label_values,label,LIST,Missing,NO LIST,Missing,MISSING,Missing,MISSING,Missing,MISSING,Missing,MISSING,Missing,MISSING,Missing,MISSING,string
your_facebook_activity/facebook_payments/your_payment_account_activity_history.json,"{'timestamp': 'number', 'media': 'array', 'label_values': [{'label': 'string', 'value': 'string'}], 'fbid': 'string'}",your_facebook_activity,facebook_payments,Missing,Missing,your_payment_account_activity_history.json,label_values,value,LIST,Missing,NO LIST,Missing,MISSING,Missing,MISSING,Missing,MISSING,Missing,MISSING,Missing,MISSING,Missing,MISSING,string
your_facebook_activity/facebook_payments/your_payment_account_activity_history.json,"{'timestamp': 'number', 'media': 'array', 'label_values': [{'label': 'string', 'value': 'string'}], 'fbid': 'string'}",your_facebook_activity,facebook_payments,Missing,Missing,your_payment_account_activity_history.json,fbid,Missing,NO LIST,Missing,MISSING,Missing,MISSING,Missing,MISSING,Missing,MISSING,Missing,MISSING,Missing,MISSING,Missing,MISSING,string
your_facebook_activity/facebook_payments/payment_history.json,"{'payments_v2': {'preferred_currency': 'string', 'payments': 'array'}}",your_facebook_activity,facebook_payments,Missing,Missing,payment_history.json,payments_v2,preferred_currency,NO LIST,Missing,NO LIST,Missing,MISSING,Missing,MISSING,Missing,MISSING,Missing,MISSING,Missing,MISSING,Missing,MISSING,string
your_facebook_activity/facebook_payments/payment_history.json,"{'payments_v2': {'preferred_currency': 'string', 'payments': 'array'}}",your_facebook_activity,facebook_payments,Missing,Missing,payment_history.json,payments_v2,payments,NO LIST,Missing,NO LIST,Missing,MISSING,Missing,MISSING,Missing,MISSING,Missing,MISSING,Missing,MISSING,Missing,MISSING,array
your_facebook_activity/posts/posts_on_other_pages_and_profiles.json,"{'timestamp': 'number', 'media': 'array', 'label_values': [{'label': 'string', 'value': 'string'}], 'fbid': 'string'}",your_facebook_activity,posts,Missing,Missing,posts_on_other_pages_and_profiles.json,timestamp,Missing,NO LIST,Missing,MISSING,Missing,MISSING,Missing,MISSING,Missing,MISSING,Missing,MISSING,Missing,MISSING,Missing,MISSING,number
your_facebook_activity/posts/posts_on_other_pages_and_profiles.json,"{'timestamp': 'number', 'media': 'array', 'label_values': [{'label': 'string', 'value': 'string'}], 'fbid': 'string'}",your_facebook_activity,posts,Missing,Missing,posts_on_other_pages_and_profiles.json,media,Missing,NO LIST,Missing,MISSING,Missing,MISSING,Missing,MISSING,Missing,MISSING,Missing,MISSING,Missing,MISSING,Missing,MISSING,array
your_facebook_activity/posts/posts_on_other_pages_and_profiles.json,"{'timestamp': 'number', 'media': 'array', 'label_values': [{'label': 'string', 'value': 'string'}], 'fbid': 'string'}",your_facebook_activity,posts,Missing,Missing,posts_on_other_pages_and_profiles.json,label_values,label,LIST,Missing,NO LIST,Missing,MISSING,Missing,MISSING,Missing,MISSING,Missing,MISSING,Missing,MISSING,Missing,MISSING,string
your_facebook_activity/posts/posts_on_other_pages_and_profiles.json,"{'timestamp': 'number', 'media': 'array', 'label_values': [{'label': 'string', 'value': 'string'}], 'fbid': 'string'}",your_facebook_activity,posts,Missing,Missing,posts_on_other_pages_and_profiles.json,label_values,value,LIST,Missing,NO LIST,Missing,MISSING,Missing,MISSING,Missing,MISSING,Missing,MISSING,Missing,MISSING,Missing,MISSING,string
your_facebook_activity/posts/posts_on_other_pages_and_profiles.json,"{'timestamp': 'number', 'media': 'array', 'label_values': [{'label': 'string', 'value': 'string'}], 'fbid': 'string'}",your_facebook_activity,posts,Missing,Missing,posts_on_other_pages_and_profiles.json,fbid,Missing,NO LIST,Missing,MISSING,Missing,MISSING,Missing,MISSING,Missing,MISSING,Missing,MISSING,Missing,MISSING,Missing,MISSING,string
your_facebook_activity/posts/places_you_have_been_tagged_in.json,"{'media': 'array', 'label_values': [{'label': 'string', 'timestamp_value': 'number'}], 'fbid': 'string'}",your_facebook_activity,posts,Missing,Missing,places_you_have_been_tagged_in.json,media,Missing,NO LIST,Missing,MISSING,Missing,MISSING,Missing,MISSING,Missing,MISSING,Missing,MISSING,Missing,MISSING,Missing,MISSING,array
your_facebook_activity/posts/places_you_have_been_tagged_in.json,"{'media': 'array', 'label_values': [{'label': 'string', 'timestamp_value': 'number'}], 'fbid': 'string'}",your_facebook_activity,posts,Missing,Missing,places_you_have_been_tagged_in.json,label_values,label,LIST,Missing,NO LIST,Missing,MISSING,Missing,MISSING,Missing,MISSING,Missing,MISSING,Missing,MISSING,Missing,MISSING,string
your_facebook_activity/posts/places_you_have_been_tagged_in.json,"{'media': 'array', 'label_values': [{'label': 'string', 'timestamp_value': 'number'}], 'fbid': 'string'}",your_facebook_activity,posts,Missing,Missing,places_you_have_been_tagged_in.json,label_values,timestamp_value,LIST,Missing,NO LIST,Missing,MISSING,Missing,MISSING,Missing,MISSING,Missing,MISSING,Missing,MISSING,Missing,MISSING,number
your_facebook_activity/posts/places_you_have_been_tagged_in.json,"{'media': 'array', 'label_values': [{'label': 'string', 'timestamp_value': 'number'}], 'fbid': 'string'}",your_facebook_activity,posts,Missing,Missing,places_you_have_been_tagged_in.json,fbid,Missing,NO LIST,Missing,MISSING,Missing,MISSING,Missing,MISSING,Missing,MISSING,Missing,MISSING,Missing,MISSING,Missing,MISSING,string
your_facebook_activity/posts/album/0.json,"{'name': 'string', 'photos': [{'uri': 'string', 'creation_timestamp': 'number', 'media_metadata': {'photo_metadata': {'exif_data': [{'taken_timestamp': 'number'}]}}, 'title': 'string'}], 'cover_photo': {'uri': 'string', 'creation_timestamp': 'number', 'media_metadata': {'photo_metadata': {'exif_data': [{'taken_timestamp': 'number'}]}}, 'title': 'string'}, 'last_modified_timestamp': 'number', 'description': 'string'}",your_facebook_activity,posts,album,Missing,0.json,name,Missing,NO LIST,Missing,MISSING,Missing,MISSING,Missing,MISSING,Missing,MISSING,Missing,MISSING,Missing,MISSING,Missing,MISSING,string
your_facebook_activity/posts/album/0.json,"{'name': 'string', 'photos': [{'uri': 'string', 'creation_timestamp': 'number', 'media_metadata': {'photo_metadata': {'exif_data': [{'taken_timestamp': 'number'}]}}, 'title': 'string'}], 'cover_photo': {'uri': 'string', 'creation_timestamp': 'number', 'media_metadata': {'photo_metadata': {'exif_data': [{'taken_timestamp': 'number'}]}}, 'title': 'string'}, 'last_modified_timestamp': 'number', 'description': 'string'}",your_facebook_activity,posts,album,Missing,0.json,photos,uri,LIST,Missing,NO LIST,Missing,MISSING,Missing,MISSING,Missing,MISSING,Missing,MISSING,Missing,MISSING,Missing,MISSING,string
your_facebook_activity/posts/album/0.json,"{'name': 'string', 'photos': [{'uri': 'string', 'creation_timestamp': 'number', 'media_metadata': {'photo_metadata': {'exif_data': [{'taken_timestamp': 'number'}]}}, 'title': 'string'}], 'cover_photo': {'uri': 'string', 'creation_timestamp': 'number', 'media_metadata': {'photo_metadata': {'exif_data': [{'taken_timestamp': 'number'}]}}, 'title': 'string'}, 'last_modified_timestamp': 'number', 'description': 'string'}",your_facebook_activity,posts,album,Missing,0.json,photos,creation_timestamp,LIST,Missing,NO LIST,Missing,MISSING,Missing,MISSING,Missing,MISSING,Missing,MISSING,Missing,MISSING,Missing,MISSING,number
your_facebook_activity/posts/album/0.json,"{'name': 'string', 'photos': [{'uri': 'string', 'creation_timestamp': 'number', 'media_metadata': {'photo_metadata': {'exif_data': [{'taken_timestamp': 'number'}]}}, 'title': 'string'}], 'cover_photo': {'uri': 'string', 'creation_timestamp': 'number', 'media_metadata': {'photo_metadata': {'exif_data': [{'taken_timestamp': 'number'}]}}, 'title': 'string'}, 'last_modified_timestamp': 'number', 'description': 'string'}",your_facebook_activity,posts,album,Missing,0.json,photos,media_metadata,LIST,photo_metadata,NO LIST,exif_data,NO LIST,taken_timestamp,LIST,Missing,NO LIST,Missing,MISSING,Missing,MISSING,Missing,MISSING,number
your_facebook_activity/posts/album/0.json,"{'name': 'string', 'photos': [{'uri': 'string', 'creation_timestamp': 'number', 'media_metadata': {'photo_metadata': {'exif_data': [{'taken_timestamp': 'number'}]}}, 'title': 'string'}], 'cover_photo': {'uri': 'string', 'creation_timestamp': 'number', 'media_metadata': {'photo_metadata': {'exif_data': [{'taken_timestamp': 'number'}]}}, 'title': 'string'}, 'last_modified_timestamp': 'number', 'description': 'string'}",your_facebook_activity,posts,album,Missing,0.json,photos,title,LIST,Missing,NO LIST,Missing,MISSING,Missing,MISSING,Missing,MISSING,Missing,MISSING,Missing,MISSING,Missing,MISSING,string
your_facebook_activity/posts/album/0.json,"{'name': 'string', 'photos': [{'uri': 'string', 'creation_timestamp': 'number', 'media_metadata': {'photo_metadata': {'exif_data': [{'taken_timestamp': 'number'}]}}, 'title': 'string'}], 'cover_photo': {'uri': 'string', 'creation_timestamp': 'number', 'media_metadata': {'photo_metadata': {'exif_data': [{'taken_timestamp': 'number'}]}}, 'title': 'string'}, 'last_modified_timestamp': 'number', 'description': 'string'}",your_facebook_activity,posts,album,Missing,0.json,cover_photo,uri,NO LIST,Missing,NO LIST,Missing,MISSING,Missing,MISSING,Missing,MISSING,Missing,MISSING,Missing,MISSING,Missing,MISSING,string
your_facebook_activity/posts/album/0.json,"{'name': 'string', 'photos': [{'uri': 'string', 'creation_timestamp': 'number', 'media_metadata': {'photo_metadata': {'exif_data': [{'taken_timestamp': 'number'}]}}, 'title': 'string'}], 'cover_photo': {'uri': 'string', 'creation_timestamp': 'number', 'media_metadata': {'photo_metadata': {'exif_data': [{'taken_timestamp': 'number'}]}}, 'title': 'string'}, 'last_modified_timestamp': 'number', 'description': 'string'}",your_facebook_activity,posts,album,Missing,0.json,cover_photo,creation_timestamp,NO LIST,Missing,NO LIST,Missing,MISSING,Missing,MISSING,Missing,MISSING,Missing,MISSING,Missing,MISSING,Missing,MISSING,number
your_facebook_activity/posts/album/0.json,"{'name': 'string', 'photos': [{'uri': 'string', 'creation_timestamp': 'number', 'media_metadata': {'photo_metadata': {'exif_data': [{'taken_timestamp': 'number'}]}}, 'title': 'string'}], 'cover_photo': {'uri': 'string', 'creation_timestamp': 'number', 'media_metadata': {'photo_metadata': {'exif_data': [{'taken_timestamp': 'number'}]}}, 'title': 'string'}, 'last_modified_timestamp': 'number', 'description': 'string'}",your_facebook_activity,posts,album,Missing,0.json,cover_photo,media_metadata,NO LIST,photo_metadata,NO LIST,exif_data,NO LIST,taken_timestamp,LIST,Missing,NO LIST,Missing,MISSING,Missing,MISSING,Missing,MISSING,number
your_facebook_activity/posts/album/0.json,"{'name': 'string', 'photos': [{'uri': 'string', 'creation_timestamp': 'number', 'media_metadata': {'photo_metadata': {'exif_data': [{'taken_timestamp': 'number'}]}}, 'title': 'string'}], 'cover_photo': {'uri': 'string', 'creation_timestamp': 'number', 'media_metadata': {'photo_metadata': {'exif_data': [{'taken_timestamp': 'number'}]}}, 'title': 'string'}, 'last_modified_timestamp': 'number', 'description': 'string'}",your_facebook_activity,posts,album,Missing,0.json,cover_photo,title,NO LIST,Missing,NO LIST,Missing,MISSING,Missing,MISSING,Missing,MISSING,Missing,MISSING,Missing,MISSING,Missing,MISSING,string
your_facebook_activity/posts/album/0.json,"{'name': 'string', 'photos': [{'uri': 'string', 'creation_timestamp': 'number', 'media_metadata': {'photo_metadata': {'exif_data': [{'taken_timestamp': 'number'}]}}, 'title': 'string'}], 'cover_photo': {'uri': 'string', 'creation_timestamp': 'number', 'media_metadata': {'photo_metadata': {'exif_data': [{'taken_timestamp': 'number'}]}}, 'title': 'string'}, 'last_modified_timestamp': 'number', 'description': 'string'}",your_facebook_activity,posts,album,Missing,0.json,last_modified_timestamp,Missing,NO LIST,Missing,MISSING,Missing,MISSING,Missing,MISSING,Missing,MISSING,Missing,MISSING,Missing,MISSING,Missing,MISSING,number
your_facebook_activity/posts/album/0.json,"{'name': 'string', 'photos': [{'uri': 'string', 'creation_timestamp': 'number', 'media_metadata': {'photo_metadata': {'exif_data': [{'taken_timestamp': 'number'}]}}, 'title': 'string'}], 'cover_photo': {'uri': 'string', 'creation_timestamp': 'number', 'media_metadata': {'photo_metadata': {'exif_data': [{'taken_timestamp': 'number'}]}}, 'title': 'string'}, 'last_modified_timestamp': 'number', 'description': 'string'}",your_facebook_activity,posts,album,Missing,0.json,description,Missing,NO LIST,Missing,MISSING,Missing,MISSING,Missing,MISSING,Missing,MISSING,Missing,MISSING,Missing,MISSING,Missing,MISSING,string
your_facebook_activity/posts/album/1.json,"{'name': 'string', 'photos': [{'uri': 'string', 'creation_timestamp': 'number', 'media_metadata': {'photo_metadata': {'exif_data': [{'upload_ip': 'string', 'taken_timestamp': 'number', 'orientation': 'number'}]}}, 'title': 'string'}], 'cover_photo': {'uri': 'string', 'creation_timestamp': 'number', 'media_metadata': {'photo_metadata': {'exif_data': [{'upload_ip': 'string', 'taken_timestamp': 'number', 'orientation': 'number'}]}}, 'title': 'string'}, 'last_modified_timestamp': 'number', 'description': 'string'}",your_facebook_activity,posts,album,Missing,1.json,name,Missing,NO LIST,Missing,MISSING,Missing,MISSING,Missing,MISSING,Missing,MISSING,Missing,MISSING,Missing,MISSING,Missing,MISSING,string
your_facebook_activity/posts/album/1.json,"{'name': 'string', 'photos': [{'uri': 'string', 'creation_timestamp': 'number', 'media_metadata': {'photo_metadata': {'exif_data': [{'upload_ip': 'string', 'taken_timestamp': 'number', 'orientation': 'number'}]}}, 'title': 'string'}], 'cover_photo': {'uri': 'string', 'creation_timestamp': 'number', 'media_metadata': {'photo_metadata': {'exif_data': [{'upload_ip': 'string', 'taken_timestamp': 'number', 'orientation': 'number'}]}}, 'title': 'string'}, 'last_modified_timestamp': 'number', 'description': 'string'}",your_facebook_activity,posts,album,Missing,1.json,photos,uri,LIST,Missing,NO LIST,Missing,MISSING,Missing,MISSING,Missing,MISSING,Missing,MISSING,Missing,MISSING,Missing,MISSING,string
your_facebook_activity/posts/album/1.json,"{'name': 'string', 'photos': [{'uri': 'string', 'creation_timestamp': 'number', 'media_metadata': {'photo_metadata': {'exif_data': [{'upload_ip': 'string', 'taken_timestamp': 'number', 'orientation': 'number'}]}}, 'title': 'string'}], 'cover_photo': {'uri': 'string', 'creation_timestamp': 'number', 'media_metadata': {'photo_metadata': {'exif_data': [{'upload_ip': 'string', 'taken_timestamp': 'number', 'orientation': 'number'}]}}, 'title': 'string'}, 'last_modified_timestamp': 'number', 'description': 'string'}",your_facebook_activity,posts,album,Missing,1.json,photos,creation_timestamp,LIST,Missing,NO LIST,Missing,MISSING,Missing,MISSING,Missing,MISSING,Missing,MISSING,Missing,MISSING,Missing,MISSING,number
your_facebook_activity/posts/album/1.json,"{'name': 'string', 'photos': [{'uri': 'string', 'creation_timestamp': 'number', 'media_metadata': {'photo_metadata': {'exif_data': [{'upload_ip': 'string', 'taken_timestamp': 'number', 'orientation': 'number'}]}}, 'title': 'string'}], 'cover_photo': {'uri': 'string', 'creation_timestamp': 'number', 'media_metadata': {'photo_metadata': {'exif_data': [{'upload_ip': 'string', 'taken_timestamp': 'number', 'orientation': 'number'}]}}, 'title': 'string'}, 'last_modified_timestamp': 'number', 'description': 'string'}",your_facebook_activity,posts,album,Missing,1.json,photos,media_metadata,LIST,photo_metadata,NO LIST,exif_data,NO LIST,upload_ip,LIST,Missing,NO LIST,Missing,MISSING,Missing,MISSING,Missing,MISSING,string
your_facebook_activity/posts/album/1.json,"{'name': 'string', 'photos': [{'uri': 'string', 'creation_timestamp': 'number', 'media_metadata': {'photo_metadata': {'exif_data': [{'upload_ip': 'string', 'taken_timestamp': 'number', 'orientation': 'number'}]}}, 'title': 'string'}], 'cover_photo': {'uri': 'string', 'creation_timestamp': 'number', 'media_metadata': {'photo_metadata': {'exif_data': [{'upload_ip': 'string', 'taken_timestamp': 'number', 'orientation': 'number'}]}}, 'title': 'string'}, 'last_modified_timestamp': 'number', 'description': 'string'}",your_facebook_activity,posts,album,Missing,1.json,photos,media_metadata,LIST,photo_metadata,NO LIST,exif_data,NO LIST,taken_timestamp,LIST,Missing,NO LIST,Missing,MISSING,Missing,MISSING,Missing,MISSING,number
your_facebook_activity/posts/album/1.json,"{'name': 'string', 'photos': [{'uri': 'string', 'creation_timestamp': 'number', 'media_metadata': {'photo_metadata': {'exif_data': [{'upload_ip': 'string', 'taken_timestamp': 'number', 'orientation': 'number'}]}}, 'title': 'string'}], 'cover_photo': {'uri': 'string', 'creation_timestamp': 'number', 'media_metadata': {'photo_metadata': {'exif_data': [{'upload_ip': 'string', 'taken_timestamp': 'number', 'orientation': 'number'}]}}, 'title': 'string'}, 'last_modified_timestamp': 'number', 'description': 'string'}",your_facebook_activity,posts,album,Missing,1.json,photos,media_metadata,LIST,photo_metadata,NO LIST,exif_data,NO LIST,orientation,LIST,Missing,NO LIST,Missing,MISSING,Missing,MISSING,Missing,MISSING,number
your_facebook_activity/posts/album/1.json,"{'name': 'string', 'photos': [{'uri': 'string', 'creation_timestamp': 'number', 'media_metadata': {'photo_metadata': {'exif_data': [{'upload_ip': 'string', 'taken_timestamp': 'number', 'orientation': 'number'}]}}, 'title': 'string'}], 'cover_photo': {'uri': 'string', 'creation_timestamp': 'number', 'media_metadata': {'photo_metadata': {'exif_data': [{'upload_ip': 'string', 'taken_timestamp': 'number', 'orientation': 'number'}]}}, 'title': 'string'}, 'last_modified_timestamp': 'number', 'description': 'string'}",your_facebook_activity,posts,album,Missing,1.json,photos,title,LIST,Missing,NO LIST,Missing,MISSING,Missing,MISSING,Missing,MISSING,Missing,MISSING,Missing,MISSING,Missing,MISSING,string
your_facebook_activity/posts/album/1.json,"{'name': 'string', 'photos': [{'uri': 'string', 'creation_timestamp': 'number', 'media_metadata': {'photo_metadata': {'exif_data': [{'upload_ip': 'string', 'taken_timestamp': 'number', 'orientation': 'number'}]}}, 'title': 'string'}], 'cover_photo': {'uri': 'string', 'creation_timestamp': 'number', 'media_metadata': {'photo_metadata': {'exif_data': [{'upload_ip': 'string', 'taken_timestamp': 'number', 'orientation': 'number'}]}}, 'title': 'string'}, 'last_modified_timestamp': 'number', 'description': 'string'}",your_facebook_activity,posts,album,Missing,1.json,cover_photo,uri,NO LIST,Missing,NO LIST,Missing,MISSING,Missing,MISSING,Missing,MISSING,Missing,MISSING,Missing,MISSING,Missing,MISSING,string
your_facebook_activity/posts/album/1.json,"{'name': 'string', 'photos': [{'uri': 'string', 'creation_timestamp': 'number', 'media_metadata': {'photo_metadata': {'exif_data': [{'upload_ip': 'string', 'taken_timestamp': 'number', 'orientation': 'number'}]}}, 'title': 'string'}], 'cover_photo': {'uri': 'string', 'creation_timestamp': 'number', 'media_metadata': {'photo_metadata': {'exif_data': [{'upload_ip': 'string', 'taken_timestamp': 'number', 'orientation': 'number'}]}}, 'title': 'string'}, 'last_modified_timestamp': 'number', 'description': 'string'}",your_facebook_activity,posts,album,Missing,1.json,cover_photo,creation_timestamp,NO LIST,Missing,NO LIST,Missing,MISSING,Missing,MISSING,Missing,MISSING,Missing,MISSING,Missing,MISSING,Missing,MISSING,number
your_facebook_activity/posts/album/1.json,"{'name': 'string', 'photos': [{'uri': 'string', 'creation_timestamp': 'number', 'media_metadata': {'photo_metadata': {'exif_data': [{'upload_ip': 'string', 'taken_timestamp': 'number', 'orientation': 'number'}]}}, 'title': 'string'}], 'cover_photo': {'uri': 'string', 'creation_timestamp': 'number', 'media_metadata': {'photo_metadata': {'exif_data': [{'upload_ip': 'string', 'taken_timestamp': 'number', 'orientation': 'number'}]}}, 'title': 'string'}, 'last_modified_timestamp': 'number', 'description': 'string'}",your_facebook_activity,posts,album,Missing,1.json,cover_photo,media_metadata,NO LIST,photo_metadata,NO LIST,exif_data,NO LIST,upload_ip,LIST,Missing,NO LIST,Missing,MISSING,Missing,MISSING,Missing,MISSING,string
your_facebook_activity/posts/album/1.json,"{'name': 'string', 'photos': [{'uri': 'string', 'creation_timestamp': 'number', 'media_metadata': {'photo_metadata': {'exif_data': [{'upload_ip': 'string', 'taken_timestamp': 'number', 'orientation': 'number'}]}}, 'title': 'string'}], 'cover_photo': {'uri': 'string', 'creation_timestamp': 'number', 'media_metadata': {'photo_metadata': {'exif_data': [{'upload_ip': 'string', 'taken_timestamp': 'number', 'orientation': 'number'}]}}, 'title': 'string'}, 'last_modified_timestamp': 'number', 'description': 'string'}",your_facebook_activity,posts,album,Missing,1.json,cover_photo,media_metadata,NO LIST,photo_metadata,NO LIST,exif_data,NO LIST,taken_timestamp,LIST,Missing,NO LIST,Missing,MISSING,Missing,MISSING,Missing,MISSING,number
your_facebook_activity/posts/album/1.json,"{'name': 'string', 'photos': [{'uri': 'string', 'creation_timestamp': 'number', 'media_metadata': {'photo_metadata': {'exif_data': [{'upload_ip': 'string', 'taken_timestamp': 'number', 'orientation': 'number'}]}}, 'title': 'string'}], 'cover_photo': {'uri': 'string', 'creation_timestamp': 'number', 'media_metadata': {'photo_metadata': {'exif_data': [{'upload_ip': 'string', 'taken_timestamp': 'number', 'orientation': 'number'}]}}, 'title': 'string'}, 'last_modified_timestamp': 'number', 'description': 'string'}",your_facebook_activity,posts,album,Missing,1.json,cover_photo,media_metadata,NO LIST,photo_metadata,NO LIST,exif_data,NO LIST,orientation,LIST,Missing,NO LIST,Missing,MISSING,Missing,MISSING,Missing,MISSING,number
your_facebook_activity/posts/album/1.json,"{'name': 'string', 'photos': [{'uri': 'string', 'creation_timestamp': 'number', 'media_metadata': {'photo_metadata': {'exif_data': [{'upload_ip': 'string', 'taken_timestamp': 'number', 'orientation': 'number'}]}}, 'title': 'string'}], 'cover_photo': {'uri': 'string', 'creation_timestamp': 'number', 'media_metadata': {'photo_metadata': {'exif_data': [{'upload_ip': 'string', 'taken_timestamp': 'number', 'orientation': 'number'}]}}, 'title': 'string'}, 'last_modified_timestamp': 'number', 'description': 'string'}",your_facebook_activity,posts,album,Missing,1.json,cover_photo,title,NO LIST,Missing,NO LIST,Missing,MISSING,Missing,MISSING,Missing,MISSING,Missing,MISSING,Missing,MISSING,Missing,MISSING,string
your_facebook_activity/posts/album/1.json,"{'name': 'string', 'photos': [{'uri': 'string', 'creation_timestamp': 'number', 'media_metadata': {'photo_metadata': {'exif_data': [{'upload_ip': 'string', 'taken_timestamp': 'number', 'orientation': 'number'}]}}, 'title': 'string'}], 'cover_photo': {'uri': 'string', 'creation_timestamp': 'number', 'media_metadata': {'photo_metadata': {'exif_data': [{'upload_ip': 'string', 'taken_timestamp': 'number', 'orientation': 'number'}]}}, 'title': 'string'}, 'last_modified_timestamp': 'number', 'description': 'string'}",your_facebook_activity,posts,album,Missing,1.json,last_modified_timestamp,Missing,NO LIST,Missing,MISSING,Missing,MISSING,Missing,MISSING,Missing,MISSING,Missing,MISSING,Missing,MISSING,Missing,MISSING,number
your_facebook_activity/posts/album/1.json,"{'name': 'string', 'photos': [{'uri': 'string', 'creation_timestamp': 'number', 'media_metadata': {'photo_metadata': {'exif_data': [{'upload_ip': 'string', 'taken_timestamp': 'number', 'orientation': 'number'}]}}, 'title': 'string'}], 'cover_photo': {'uri': 'string', 'creation_timestamp': 'number', 'media_metadata': {'photo_metadata': {'exif_data': [{'upload_ip': 'string', 'taken_timestamp': 'number', 'orientation': 'number'}]}}, 'title': 'string'}, 'last_modified_timestamp': 'number', 'description': 'string'}",your_facebook_activity,posts,album,Missing,1.json,description,Missing,NO LIST,Missing,MISSING,Missing,MISSING,Missing,MISSING,Missing,MISSING,Missing,MISSING,Missing,MISSING,Missing,MISSING,string
your_facebook_activity/posts/album/2.json,"{'name': 'string', 'photos': [{'uri': 'string', 'creation_timestamp': 'number', 'media_metadata': {'photo_metadata': {'exif_data': [{'upload_ip': 'string'}]}}, 'title': 'string'}], 'cover_photo': {'uri': 'string', 'creation_timestamp': 'number', 'media_metadata': {'photo_metadata': {'exif_data': [{'upload_ip': 'string', 'taken_timestamp': 'number'}]}}, 'title': 'string'}, 'last_modified_timestamp': 'number', 'description': 'string'}",your_facebook_activity,posts,album,Missing,2.json,name,Missing,NO LIST,Missing,MISSING,Missing,MISSING,Missing,MISSING,Missing,MISSING,Missing,MISSING,Missing,MISSING,Missing,MISSING,string
your_facebook_activity/posts/album/2.json,"{'name': 'string', 'photos': [{'uri': 'string', 'creation_timestamp': 'number', 'media_metadata': {'photo_metadata': {'exif_data': [{'upload_ip': 'string'}]}}, 'title': 'string'}], 'cover_photo': {'uri': 'string', 'creation_timestamp': 'number', 'media_metadata': {'photo_metadata': {'exif_data': [{'upload_ip': 'string', 'taken_timestamp': 'number'}]}}, 'title': 'string'}, 'last_modified_timestamp': 'number', 'description': 'string'}",your_facebook_activity,posts,album,Missing,2.json,photos,uri,LIST,Missing,NO LIST,Missing,MISSING,Missing,MISSING,Missing,MISSING,Missing,MISSING,Missing,MISSING,Missing,MISSING,string
your_facebook_activity/posts/album/2.json,"{'name': 'string', 'photos': [{'uri': 'string', 'creation_timestamp': 'number', 'media_metadata': {'photo_metadata': {'exif_data': [{'upload_ip': 'string'}]}}, 'title': 'string'}], 'cover_photo': {'uri': 'string', 'creation_timestamp': 'number', 'media_metadata': {'photo_metadata': {'exif_data': [{'upload_ip': 'string', 'taken_timestamp': 'number'}]}}, 'title': 'string'}, 'last_modified_timestamp': 'number', 'description': 'string'}",your_facebook_activity,posts,album,Missing,2.json,photos,creation_timestamp,LIST,Missing,NO LIST,Missing,MISSING,Missing,MISSING,Missing,MISSING,Missing,MISSING,Missing,MISSING,Missing,MISSING,number
your_facebook_activity/posts/album/2.json,"{'name': 'string', 'photos': [{'uri': 'string', 'creation_timestamp': 'number', 'media_metadata': {'photo_metadata': {'exif_data': [{'upload_ip': 'string'}]}}, 'title': 'string'}], 'cover_photo': {'uri': 'string', 'creation_timestamp': 'number', 'media_metadata': {'photo_metadata': {'exif_data': [{'upload_ip': 'string', 'taken_timestamp': 'number'}]}}, 'title': 'string'}, 'last_modified_timestamp': 'number', 'description': 'string'}",your_facebook_activity,posts,album,Missing,2.json,photos,media_metadata,LIST,photo_metadata,NO LIST,exif_data,NO LIST,upload_ip,LIST,Missing,NO LIST,Missing,MISSING,Missing,MISSING,Missing,MISSING,string
your_facebook_activity/posts/album/2.json,"{'name': 'string', 'photos': [{'uri': 'string', 'creation_timestamp': 'number', 'media_metadata': {'photo_metadata': {'exif_data': [{'upload_ip': 'string'}]}}, 'title': 'string'}], 'cover_photo': {'uri': 'string', 'creation_timestamp': 'number', 'media_metadata': {'photo_metadata': {'exif_data': [{'upload_ip': 'string', 'taken_timestamp': 'number'}]}}, 'title': 'string'}, 'last_modified_timestamp': 'number', 'description': 'string'}",your_facebook_activity,posts,album,Missing,2.json,photos,title,LIST,Missing,NO LIST,Missing,MISSING,Missing,MISSING,Missing,MISSING,Missing,MISSING,Missing,MISSING,Missing,MISSING,string
your_facebook_activity/posts/album/2.json,"{'name': 'string', 'photos': [{'uri': 'string', 'creation_timestamp': 'number', 'media_metadata': {'photo_metadata': {'exif_data': [{'upload_ip': 'string'}]}}, 'title': 'string'}], 'cover_photo': {'uri': 'string', 'creation_timestamp': 'number', 'media_metadata': {'photo_metadata': {'exif_data': [{'upload_ip': 'string', 'taken_timestamp': 'number'}]}}, 'title': 'string'}, 'last_modified_timestamp': 'number', 'description': 'string'}",your_facebook_activity,posts,album,Missing,2.json,cover_photo,uri,NO LIST,Missing,NO LIST,Missing,MISSING,Missing,MISSING,Missing,MISSING,Missing,MISSING,Missing,MISSING,Missing,MISSING,string
your_facebook_activity/posts/album/2.json,"{'name': 'string', 'photos': [{'uri': 'string', 'creation_timestamp': 'number', 'media_metadata': {'photo_metadata': {'exif_data': [{'upload_ip': 'string'}]}}, 'title': 'string'}], 'cover_photo': {'uri': 'string', 'creation_timestamp': 'number', 'media_metadata': {'photo_metadata': {'exif_data': [{'upload_ip': 'string', 'taken_timestamp': 'number'}]}}, 'title': 'string'}, 'last_modified_timestamp': 'number', 'description': 'string'}",your_facebook_activity,posts,album,Missing,2.json,cover_photo,creation_timestamp,NO LIST,Missing,NO LIST,Missing,MISSING,Missing,MISSING,Missing,MISSING,Missing,MISSING,Missing,MISSING,Missing,MISSING,number
your_facebook_activity/posts/album/2.json,"{'name': 'string', 'photos': [{'uri': 'string', 'creation_timestamp': 'number', 'media_metadata': {'photo_metadata': {'exif_data': [{'upload_ip': 'string'}]}}, 'title': 'string'}], 'cover_photo': {'uri': 'string', 'creation_timestamp': 'number', 'media_metadata': {'photo_metadata': {'exif_data': [{'upload_ip': 'string', 'taken_timestamp': 'number'}]}}, 'title': 'string'}, 'last_modified_timestamp': 'number', 'description': 'string'}",your_facebook_activity,posts,album,Missing,2.json,cover_photo,media_metadata,NO LIST,photo_metadata,NO LIST,exif_data,NO LIST,upload_ip,LIST,Missing,NO LIST,Missing,MISSING,Missing,MISSING,Missing,MISSING,string
your_facebook_activity/posts/album/2.json,"{'name': 'string', 'photos': [{'uri': 'string', 'creation_timestamp': 'number', 'media_metadata': {'photo_metadata': {'exif_data': [{'upload_ip': 'string'}]}}, 'title': 'string'}], 'cover_photo': {'uri': 'string', 'creation_timestamp': 'number', 'media_metadata': {'photo_metadata': {'exif_data': [{'upload_ip': 'string', 'taken_timestamp': 'number'}]}}, 'title': 'string'}, 'last_modified_timestamp': 'number', 'description': 'string'}",your_facebook_activity,posts,album,Missing,2.json,cover_photo,media_metadata,NO LIST,photo_metadata,NO LIST,exif_data,NO LIST,taken_timestamp,LIST,Missing,NO LIST,Missing,MISSING,Missing,MISSING,Missing,MISSING,number
your_facebook_activity/posts/album/2.json,"{'name': 'string', 'photos': [{'uri': 'string', 'creation_timestamp': 'number', 'media_metadata': {'photo_metadata': {'exif_data': [{'upload_ip': 'string'}]}}, 'title': 'string'}], 'cover_photo': {'uri': 'string', 'creation_timestamp': 'number', 'media_metadata': {'photo_metadata': {'exif_data': [{'upload_ip': 'string', 'taken_timestamp': 'number'}]}}, 'title': 'string'}, 'last_modified_timestamp': 'number', 'description': 'string'}",your_facebook_activity,posts,album,Missing,2.json,cover_photo,title,NO LIST,Missing,NO LIST,Missing,MISSING,Missing,MISSING,Missing,MISSING,Missing,MISSING,Missing,MISSING,Missing,MISSING,string
your_facebook_activity/posts/album/2.json,"{'name': 'string', 'photos': [{'uri': 'string', 'creation_timestamp': 'number', 'media_metadata': {'photo_metadata': {'exif_data': [{'upload_ip': 'string'}]}}, 'title': 'string'}], 'cover_photo': {'uri': 'string', 'creation_timestamp': 'number', 'media_metadata': {'photo_metadata': {'exif_data': [{'upload_ip': 'string', 'taken_timestamp': 'number'}]}}, 'title': 'string'}, 'last_modified_timestamp': 'number', 'description': 'string'}",your_facebook_activity,posts,album,Missing,2.json,last_modified_timestamp,Missing,NO LIST,Missing,MISSING,Missing,MISSING,Missing,MISSING,Missing,MISSING,Missing,MISSING,Missing,MISSING,Missing,MISSING,number
your_facebook_activity/posts/album/2.json,"{'name': 'string', 'photos': [{'uri': 'string', 'creation_timestamp': 'number', 'media_metadata': {'photo_metadata': {'exif_data': [{'upload_ip': 'string'}]}}, 'title': 'string'}], 'cover_photo': {'uri': 'string', 'creation_timestamp': 'number', 'media_metadata': {'photo_metadata': {'exif_data': [{'upload_ip': 'string', 'taken_timestamp': 'number'}]}}, 'title': 'string'}, 'last_modified_timestamp': 'number', 'description': 'string'}",your_facebook_activity,posts,album,Missing,2.json,description,Missing,NO LIST,Missing,MISSING,Missing,MISSING,Missing,MISSING,Missing,MISSING,Missing,MISSING,Missing,MISSING,Missing,MISSING,string
your_facebook_activity/posts/album/3.json,"{'name': 'string', 'photos': [{'uri': 'string', 'creation_timestamp': 'number', 'media_metadata': {'photo_metadata': {'exif_data': [{'iso': 'number', 'focal_length': 'string', 'upload_ip': 'string', 'taken_timestamp': 'number', 'modified_timestamp': 'number', 'camera_make': 'string', 'camera_model': 'string', 'exposure': 'string', 'f_stop': 'string', 'orientation': 'number', 'original_width': 'number', 'original_height': 'number'}]}}, 'title': 'string', 'description': 'string'}], 'cover_photo': {'uri': 'string', 'creation_timestamp': 'number', 'media_metadata': {'photo_metadata': {'exif_data': [{'upload_ip': 'string', 'taken_timestamp': 'number', 'orientation': 'number'}]}}, 'title': 'string', 'description': 'string'}, 'last_modified_timestamp': 'number', 'description': 'string'}",your_facebook_activity,posts,album,Missing,3.json,name,Missing,NO LIST,Missing,MISSING,Missing,MISSING,Missing,MISSING,Missing,MISSING,Missing,MISSING,Missing,MISSING,Missing,MISSING,string
your_facebook_activity/posts/album/3.json,"{'name': 'string', 'photos': [{'uri': 'string', 'creation_timestamp': 'number', 'media_metadata': {'photo_metadata': {'exif_data': [{'iso': 'number', 'focal_length': 'string', 'upload_ip': 'string', 'taken_timestamp': 'number', 'modified_timestamp': 'number', 'camera_make': 'string', 'camera_model': 'string', 'exposure': 'string', 'f_stop': 'string', 'orientation': 'number', 'original_width': 'number', 'original_height': 'number'}]}}, 'title': 'string', 'description': 'string'}], 'cover_photo': {'uri': 'string', 'creation_timestamp': 'number', 'media_metadata': {'photo_metadata': {'exif_data': [{'upload_ip': 'string', 'taken_timestamp': 'number', 'orientation': 'number'}]}}, 'title': 'string', 'description': 'string'}, 'last_modified_timestamp': 'number', 'description': 'string'}",your_facebook_activity,posts,album,Missing,3.json,photos,uri,LIST,Missing,NO LIST,Missing,MISSING,Missing,MISSING,Missing,MISSING,Missing,MISSING,Missing,MISSING,Missing,MISSING,string
your_facebook_activity/posts/album/3.json,"{'name': 'string', 'photos': [{'uri': 'string', 'creation_timestamp': 'number', 'media_metadata': {'photo_metadata': {'exif_data': [{'iso': 'number', 'focal_length': 'string', 'upload_ip': 'string', 'taken_timestamp': 'number', 'modified_timestamp': 'number', 'camera_make': 'string', 'camera_model': 'string', 'exposure': 'string', 'f_stop': 'string', 'orientation': 'number', 'original_width': 'number', 'original_height': 'number'}]}}, 'title': 'string', 'description': 'string'}], 'cover_photo': {'uri': 'string', 'creation_timestamp': 'number', 'media_metadata': {'photo_metadata': {'exif_data': [{'upload_ip': 'string', 'taken_timestamp': 'number', 'orientation': 'number'}]}}, 'title': 'string', 'description': 'string'}, 'last_modified_timestamp': 'number', 'description': 'string'}",your_facebook_activity,posts,album,Missing,3.json,photos,creation_timestamp,LIST,Missing,NO LIST,Missing,MISSING,Missing,MISSING,Missing,MISSING,Missing,MISSING,Missing,MISSING,Missing,MISSING,number
your_facebook_activity/posts/album/3.json,"{'name': 'string', 'photos': [{'uri': 'string', 'creation_timestamp': 'number', 'media_metadata': {'photo_metadata': {'exif_data': [{'iso': 'number', 'focal_length': 'string', 'upload_ip': 'string', 'taken_timestamp': 'number', 'modified_timestamp': 'number', 'camera_make': 'string', 'camera_model': 'string', 'exposure': 'string', 'f_stop': 'string', 'orientation': 'number', 'original_width': 'number', 'original_height': 'number'}]}}, 'title': 'string', 'description': 'string'}], 'cover_photo': {'uri': 'string', 'creation_timestamp': 'number', 'media_metadata': {'photo_metadata': {'exif_data': [{'upload_ip': 'string', 'taken_timestamp': 'number', 'orientation': 'number'}]}}, 'title': 'string', 'description': 'string'}, 'last_modified_timestamp': 'number', 'description': 'string'}",your_facebook_activity,posts,album,Missing,3.json,photos,media_metadata,LIST,photo_metadata,NO LIST,exif_data,NO LIST,iso,LIST,Missing,NO LIST,Missing,MISSING,Missing,MISSING,Missing,MISSING,number
your_facebook_activity/posts/album/3.json,"{'name': 'string', 'photos': [{'uri': 'string', 'creation_timestamp': 'number', 'media_metadata': {'photo_metadata': {'exif_data': [{'iso': 'number', 'focal_length': 'string', 'upload_ip': 'string', 'taken_timestamp': 'number', 'modified_timestamp': 'number', 'camera_make': 'string', 'camera_model': 'string', 'exposure': 'string', 'f_stop': 'string', 'orientation': 'number', 'original_width': 'number', 'original_height': 'number'}]}}, 'title': 'string', 'description': 'string'}], 'cover_photo': {'uri': 'string', 'creation_timestamp': 'number', 'media_metadata': {'photo_metadata': {'exif_data': [{'upload_ip': 'string', 'taken_timestamp': 'number', 'orientation': 'number'}]}}, 'title': 'string', 'description': 'string'}, 'last_modified_timestamp': 'number', 'description': 'string'}",your_facebook_activity,posts,album,Missing,3.json,photos,media_metadata,LIST,photo_metadata,NO LIST,exif_data,NO LIST,focal_length,LIST,Missing,NO LIST,Missing,MISSING,Missing,MISSING,Missing,MISSING,string
your_facebook_activity/posts/album/3.json,"{'name': 'string', 'photos': [{'uri': 'string', 'creation_timestamp': 'number', 'media_metadata': {'photo_metadata': {'exif_data': [{'iso': 'number', 'focal_length': 'string', 'upload_ip': 'string', 'taken_timestamp': 'number', 'modified_timestamp': 'number', 'camera_make': 'string', 'camera_model': 'string', 'exposure': 'string', 'f_stop': 'string', 'orientation': 'number', 'original_width': 'number', 'original_height': 'number'}]}}, 'title': 'string', 'description': 'string'}], 'cover_photo': {'uri': 'string', 'creation_timestamp': 'number', 'media_metadata': {'photo_metadata': {'exif_data': [{'upload_ip': 'string', 'taken_timestamp': 'number', 'orientation': 'number'}]}}, 'title': 'string', 'description': 'string'}, 'last_modified_timestamp': 'number', 'description': 'string'}",your_facebook_activity,posts,album,Missing,3.json,photos,media_metadata,LIST,photo_metadata,NO LIST,exif_data,NO LIST,upload_ip,LIST,Missing,NO LIST,Missing,MISSING,Missing,MISSING,Missing,MISSING,string
your_facebook_activity/posts/album/3.json,"{'name': 'string', 'photos': [{'uri': 'string', 'creation_timestamp': 'number', 'media_metadata': {'photo_metadata': {'exif_data': [{'iso': 'number', 'focal_length': 'string', 'upload_ip': 'string', 'taken_timestamp': 'number', 'modified_timestamp': 'number', 'camera_make': 'string', 'camera_model': 'string', 'exposure': 'string', 'f_stop': 'string', 'orientation': 'number', 'original_width': 'number', 'original_height': 'number'}]}}, 'title': 'string', 'description': 'string'}], 'cover_photo': {'uri': 'string', 'creation_timestamp': 'number', 'media_metadata': {'photo_metadata': {'exif_data': [{'upload_ip': 'string', 'taken_timestamp': 'number', 'orientation': 'number'}]}}, 'title': 'string', 'description': 'string'}, 'last_modified_timestamp': 'number', 'description': 'string'}",your_facebook_activity,posts,album,Missing,3.json,photos,media_metadata,LIST,photo_metadata,NO LIST,exif_data,NO LIST,taken_timestamp,LIST,Missing,NO LIST,Missing,MISSING,Missing,MISSING,Missing,MISSING,number
your_facebook_activity/posts/album/3.json,"{'name': 'string', 'photos': [{'uri': 'string', 'creation_timestamp': 'number', 'media_metadata': {'photo_metadata': {'exif_data': [{'iso': 'number', 'focal_length': 'string', 'upload_ip': 'string', 'taken_timestamp': 'number', 'modified_timestamp': 'number', 'camera_make': 'string', 'camera_model': 'string', 'exposure': 'string', 'f_stop': 'string', 'orientation': 'number', 'original_width': 'number', 'original_height': 'number'}]}}, 'title': 'string', 'description': 'string'}], 'cover_photo': {'uri': 'string', 'creation_timestamp': 'number', 'media_metadata': {'photo_metadata': {'exif_data': [{'upload_ip': 'string', 'taken_timestamp': 'number', 'orientation': 'number'}]}}, 'title': 'string', 'description': 'string'}, 'last_modified_timestamp': 'number', 'description': 'string'}",your_facebook_activity,posts,album,Missing,3.json,photos,media_metadata,LIST,photo_metadata,NO LIST,exif_data,NO LIST,modified_timestamp,LIST,Missing,NO LIST,Missing,MISSING,Missing,MISSING,Missing,MISSING,number
your_facebook_activity/posts/album/3.json,"{'name': 'string', 'photos': [{'uri': 'string', 'creation_timestamp': 'number', 'media_metadata': {'photo_metadata': {'exif_data': [{'iso': 'number', 'focal_length': 'string', 'upload_ip': 'string', 'taken_timestamp': 'number', 'modified_timestamp': 'number', 'camera_make': 'string', 'camera_model': 'string', 'exposure': 'string', 'f_stop': 'string', 'orientation': 'number', 'original_width': 'number', 'original_height': 'number'}]}}, 'title': 'string', 'description': 'string'}], 'cover_photo': {'uri': 'string', 'creation_timestamp': 'number', 'media_metadata': {'photo_metadata': {'exif_data': [{'upload_ip': 'string', 'taken_timestamp': 'number', 'orientation': 'number'}]}}, 'title': 'string', 'description': 'string'}, 'last_modified_timestamp': 'number', 'description': 'string'}",your_facebook_activity,posts,album,Missing,3.json,photos,media_metadata,LIST,photo_metadata,NO LIST,exif_data,NO LIST,camera_make,LIST,Missing,NO LIST,Missing,MISSING,Missing,MISSING,Missing,MISSING,string
your_facebook_activity/posts/album/3.json,"{'name': 'string', 'photos': [{'uri': 'string', 'creation_timestamp': 'number', 'media_metadata': {'photo_metadata': {'exif_data': [{'iso': 'number', 'focal_length': 'string', 'upload_ip': 'string', 'taken_timestamp': 'number', 'modified_timestamp': 'number', 'camera_make': 'string', 'camera_model': 'string', 'exposure': 'string', 'f_stop': 'string', 'orientation': 'number', 'original_width': 'number', 'original_height': 'number'}]}}, 'title': 'string', 'description': 'string'}], 'cover_photo': {'uri': 'string', 'creation_timestamp': 'number', 'media_metadata': {'photo_metadata': {'exif_data': [{'upload_ip': 'string', 'taken_timestamp': 'number', 'orientation': 'number'}]}}, 'title': 'string', 'description': 'string'}, 'last_modified_timestamp': 'number', 'description': 'string'}",your_facebook_activity,posts,album,Missing,3.json,photos,media_metadata,LIST,photo_metadata,NO LIST,exif_data,NO LIST,camera_model,LIST,Missing,NO LIST,Missing,MISSING,Missing,MISSING,Missing,MISSING,string
your_facebook_activity/posts/album/3.json,"{'name': 'string', 'photos': [{'uri': 'string', 'creation_timestamp': 'number', 'media_metadata': {'photo_metadata': {'exif_data': [{'iso': 'number', 'focal_length': 'string', 'upload_ip': 'string', 'taken_timestamp': 'number', 'modified_timestamp': 'number', 'camera_make': 'string', 'camera_model': 'string', 'exposure': 'string', 'f_stop': 'string', 'orientation': 'number', 'original_width': 'number', 'original_height': 'number'}]}}, 'title': 'string', 'description': 'string'}], 'cover_photo': {'uri': 'string', 'creation_timestamp': 'number', 'media_metadata': {'photo_metadata': {'exif_data': [{'upload_ip': 'string', 'taken_timestamp': 'number', 'orientation': 'number'}]}}, 'title': 'string', 'description': 'string'}, 'last_modified_timestamp': 'number', 'description': 'string'}",your_facebook_activity,posts,album,Missing,3.json,photos,media_metadata,LIST,photo_metadata,NO LIST,exif_data,NO LIST,exposure,LIST,Missing,NO LIST,Missing,MISSING,Missing,MISSING,Missing,MISSING,string
your_facebook_activity/posts/album/3.json,"{'name': 'string', 'photos': [{'uri': 'string', 'creation_timestamp': 'number', 'media_metadata': {'photo_metadata': {'exif_data': [{'iso': 'number', 'focal_length': 'string', 'upload_ip': 'string', 'taken_timestamp': 'number', 'modified_timestamp': 'number', 'camera_make': 'string', 'camera_model': 'string', 'exposure': 'string', 'f_stop': 'string', 'orientation': 'number', 'original_width': 'number', 'original_height': 'number'}]}}, 'title': 'string', 'description': 'string'}], 'cover_photo': {'uri': 'string', 'creation_timestamp': 'number', 'media_metadata': {'photo_metadata': {'exif_data': [{'upload_ip': 'string', 'taken_timestamp': 'number', 'orientation': 'number'}]}}, 'title': 'string', 'description': 'string'}, 'last_modified_timestamp': 'number', 'description': 'string'}",your_facebook_activity,posts,album,Missing,3.json,photos,media_metadata,LIST,photo_metadata,NO LIST,exif_data,NO LIST,f_stop,LIST,Missing,NO LIST,Missing,MISSING,Missing,MISSING,Missing,MISSING,string
your_facebook_activity/posts/album/3.json,"{'name': 'string', 'photos': [{'uri': 'string', 'creation_timestamp': 'number', 'media_metadata': {'photo_metadata': {'exif_data': [{'iso': 'number', 'focal_length': 'string', 'upload_ip': 'string', 'taken_timestamp': 'number', 'modified_timestamp': 'number', 'camera_make': 'string', 'camera_model': 'string', 'exposure': 'string', 'f_stop': 'string', 'orientation': 'number', 'original_width': 'number', 'original_height': 'number'}]}}, 'title': 'string', 'description': 'string'}], 'cover_photo': {'uri': 'string', 'creation_timestamp': 'number', 'media_metadata': {'photo_metadata': {'exif_data': [{'upload_ip': 'string', 'taken_timestamp': 'number', 'orientation': 'number'}]}}, 'title': 'string', 'description': 'string'}, 'last_modified_timestamp': 'number', 'description': 'string'}",your_facebook_activity,posts,album,Missing,3.json,photos,media_metadata,LIST,photo_metadata,NO LIST,exif_data,NO LIST,orientation,LIST,Missing,NO LIST,Missing,MISSING,Missing,MISSING,Missing,MISSING,number
your_facebook_activity/posts/album/3.json,"{'name': 'string', 'photos': [{'uri': 'string', 'creation_timestamp': 'number', 'media_metadata': {'photo_metadata': {'exif_data': [{'iso': 'number', 'focal_length': 'string', 'upload_ip': 'string', 'taken_timestamp': 'number', 'modified_timestamp': 'number', 'camera_make': 'string', 'camera_model': 'string', 'exposure': 'string', 'f_stop': 'string', 'orientation': 'number', 'original_width': 'number', 'original_height': 'number'}]}}, 'title': 'string', 'description': 'string'}], 'cover_photo': {'uri': 'string', 'creation_timestamp': 'number', 'media_metadata': {'photo_metadata': {'exif_data': [{'upload_ip': 'string', 'taken_timestamp': 'number', 'orientation': 'number'}]}}, 'title': 'string', 'description': 'string'}, 'last_modified_timestamp': 'number', 'description': 'string'}",your_facebook_activity,posts,album,Missing,3.json,photos,media_metadata,LIST,photo_metadata,NO LIST,exif_data,NO LIST,original_width,LIST,Missing,NO LIST,Missing,MISSING,Missing,MISSING,Missing,MISSING,number
your_facebook_activity/posts/album/3.json,"{'name': 'string', 'photos': [{'uri': 'string', 'creation_timestamp': 'number', 'media_metadata': {'photo_metadata': {'exif_data': [{'iso': 'number', 'focal_length': 'string', 'upload_ip': 'string', 'taken_timestamp': 'number', 'modified_timestamp': 'number', 'camera_make': 'string', 'camera_model': 'string', 'exposure': 'string', 'f_stop': 'string', 'orientation': 'number', 'original_width': 'number', 'original_height': 'number'}]}}, 'title': 'string', 'description': 'string'}], 'cover_photo': {'uri': 'string', 'creation_timestamp': 'number', 'media_metadata': {'photo_metadata': {'exif_data': [{'upload_ip': 'string', 'taken_timestamp': 'number', 'orientation': 'number'}]}}, 'title': 'string', 'description': 'string'}, 'last_modified_timestamp': 'number', 'description': 'string'}",your_facebook_activity,posts,album,Missing,3.json,photos,media_metadata,LIST,photo_metadata,NO LIST,exif_data,NO LIST,original_height,LIST,Missing,NO LIST,Missing,MISSING,Missing,MISSING,Missing,MISSING,number
your_facebook_activity/posts/album/3.json,"{'name': 'string', 'photos': [{'uri': 'string', 'creation_timestamp': 'number', 'media_metadata': {'photo_metadata': {'exif_data': [{'iso': 'number', 'focal_length': 'string', 'upload_ip': 'string', 'taken_timestamp': 'number', 'modified_timestamp': 'number', 'camera_make': 'string', 'camera_model': 'string', 'exposure': 'string', 'f_stop': 'string', 'orientation': 'number', 'original_width': 'number', 'original_height': 'number'}]}}, 'title': 'string', 'description': 'string'}], 'cover_photo': {'uri': 'string', 'creation_timestamp': 'number', 'media_metadata': {'photo_metadata': {'exif_data': [{'upload_ip': 'string', 'taken_timestamp': 'number', 'orientation': 'number'}]}}, 'title': 'string', 'description': 'string'}, 'last_modified_timestamp': 'number', 'description': 'string'}",your_facebook_activity,posts,album,Missing,3.json,photos,title,LIST,Missing,NO LIST,Missing,MISSING,Missing,MISSING,Missing,MISSING,Missing,MISSING,Missing,MISSING,Missing,MISSING,string
your_facebook_activity/posts/album/3.json,"{'name': 'string', 'photos': [{'uri': 'string', 'creation_timestamp': 'number', 'media_metadata': {'photo_metadata': {'exif_data': [{'iso': 'number', 'focal_length': 'string', 'upload_ip': 'string', 'taken_timestamp': 'number', 'modified_timestamp': 'number', 'camera_make': 'string', 'camera_model': 'string', 'exposure': 'string', 'f_stop': 'string', 'orientation': 'number', 'original_width': 'number', 'original_height': 'number'}]}}, 'title': 'string', 'description': 'string'}], 'cover_photo': {'uri': 'string', 'creation_timestamp': 'number', 'media_metadata': {'photo_metadata': {'exif_data': [{'upload_ip': 'string', 'taken_timestamp': 'number', 'orientation': 'number'}]}}, 'title': 'string', 'description': 'string'}, 'last_modified_timestamp': 'number', 'description': 'string'}",your_facebook_activity,posts,album,Missing,3.json,photos,description,LIST,Missing,NO LIST,Missing,MISSING,Missing,MISSING,Missing,MISSING,Missing,MISSING,Missing,MISSING,Missing,MISSING,string
your_facebook_activity/posts/album/3.json,"{'name': 'string', 'photos': [{'uri': 'string', 'creation_timestamp': 'number', 'media_metadata': {'photo_metadata': {'exif_data': [{'iso': 'number', 'focal_length': 'string', 'upload_ip': 'string', 'taken_timestamp': 'number', 'modified_timestamp': 'number', 'camera_make': 'string', 'camera_model': 'string', 'exposure': 'string', 'f_stop': 'string', 'orientation': 'number', 'original_width': 'number', 'original_height': 'number'}]}}, 'title': 'string', 'description': 'string'}], 'cover_photo': {'uri': 'string', 'creation_timestamp': 'number', 'media_metadata': {'photo_metadata': {'exif_data': [{'upload_ip': 'string', 'taken_timestamp': 'number', 'orientation': 'number'}]}}, 'title': 'string', 'description': 'string'}, 'last_modified_timestamp': 'number', 'description': 'string'}",your_facebook_activity,posts,album,Missing,3.json,cover_photo,uri,NO LIST,Missing,NO LIST,Missing,MISSING,Missing,MISSING,Missing,MISSING,Missing,MISSING,Missing,MISSING,Missing,MISSING,string
your_facebook_activity/posts/album/3.json,"{'name': 'string', 'photos': [{'uri': 'string', 'creation_timestamp': 'number', 'media_metadata': {'photo_metadata': {'exif_data': [{'iso': 'number', 'focal_length': 'string', 'upload_ip': 'string', 'taken_timestamp': 'number', 'modified_timestamp': 'number', 'camera_make': 'string', 'camera_model': 'string', 'exposure': 'string', 'f_stop': 'string', 'orientation': 'number', 'original_width': 'number', 'original_height': 'number'}]}}, 'title': 'string', 'description': 'string'}], 'cover_photo': {'uri': 'string', 'creation_timestamp': 'number', 'media_metadata': {'photo_metadata': {'exif_data': [{'upload_ip': 'string', 'taken_timestamp': 'number', 'orientation': 'number'}]}}, 'title': 'string', 'description': 'string'}, 'last_modified_timestamp': 'number', 'description': 'string'}",your_facebook_activity,posts,album,Missing,3.json,cover_photo,creation_timestamp,NO LIST,Missing,NO LIST,Missing,MISSING,Missing,MISSING,Missing,MISSING,Missing,MISSING,Missing,MISSING,Missing,MISSING,number
your_facebook_activity/posts/album/3.json,"{'name': 'string', 'photos': [{'uri': 'string', 'creation_timestamp': 'number', 'media_metadata': {'photo_metadata': {'exif_data': [{'iso': 'number', 'focal_length': 'string', 'upload_ip': 'string', 'taken_timestamp': 'number', 'modified_timestamp': 'number', 'camera_make': 'string', 'camera_model': 'string', 'exposure': 'string', 'f_stop': 'string', 'orientation': 'number', 'original_width': 'number', 'original_height': 'number'}]}}, 'title': 'string', 'description': 'string'}], 'cover_photo': {'uri': 'string', 'creation_timestamp': 'number', 'media_metadata': {'photo_metadata': {'exif_data': [{'upload_ip': 'string', 'taken_timestamp': 'number', 'orientation': 'number'}]}}, 'title': 'string', 'description': 'string'}, 'last_modified_timestamp': 'number', 'description': 'string'}",your_facebook_activity,posts,album,Missing,3.json,cover_photo,media_metadata,NO LIST,photo_metadata,NO LIST,exif_data,NO LIST,upload_ip,LIST,Missing,NO LIST,Missing,MISSING,Missing,MISSING,Missing,MISSING,string
your_facebook_activity/posts/album/3.json,"{'name': 'string', 'photos': [{'uri': 'string', 'creation_timestamp': 'number', 'media_metadata': {'photo_metadata': {'exif_data': [{'iso': 'number', 'focal_length': 'string', 'upload_ip': 'string', 'taken_timestamp': 'number', 'modified_timestamp': 'number', 'camera_make': 'string', 'camera_model': 'string', 'exposure': 'string', 'f_stop': 'string', 'orientation': 'number', 'original_width': 'number', 'original_height': 'number'}]}}, 'title': 'string', 'description': 'string'}], 'cover_photo': {'uri': 'string', 'creation_timestamp': 'number', 'media_metadata': {'photo_metadata': {'exif_data': [{'upload_ip': 'string', 'taken_timestamp': 'number', 'orientation': 'number'}]}}, 'title': 'string', 'description': 'string'}, 'last_modified_timestamp': 'number', 'description': 'string'}",your_facebook_activity,posts,album,Missing,3.json,cover_photo,media_metadata,NO LIST,photo_metadata,NO LIST,exif_data,NO LIST,taken_timestamp,LIST,Missing,NO LIST,Missing,MISSING,Missing,MISSING,Missing,MISSING,number
your_facebook_activity/posts/album/3.json,"{'name': 'string', 'photos': [{'uri': 'string', 'creation_timestamp': 'number', 'media_metadata': {'photo_metadata': {'exif_data': [{'iso': 'number', 'focal_length': 'string', 'upload_ip': 'string', 'taken_timestamp': 'number', 'modified_timestamp': 'number', 'camera_make': 'string', 'camera_model': 'string', 'exposure': 'string', 'f_stop': 'string', 'orientation': 'number', 'original_width': 'number', 'original_height': 'number'}]}}, 'title': 'string', 'description': 'string'}], 'cover_photo': {'uri': 'string', 'creation_timestamp': 'number', 'media_metadata': {'photo_metadata': {'exif_data': [{'upload_ip': 'string', 'taken_timestamp': 'number', 'orientation': 'number'}]}}, 'title': 'string', 'description': 'string'}, 'last_modified_timestamp': 'number', 'description': 'string'}",your_facebook_activity,posts,album,Missing,3.json,cover_photo,media_metadata,NO LIST,photo_metadata,NO LIST,exif_data,NO LIST,orientation,LIST,Missing,NO LIST,Missing,MISSING,Missing,MISSING,Missing,MISSING,number
your_facebook_activity/posts/album/3.json,"{'name': 'string', 'photos': [{'uri': 'string', 'creation_timestamp': 'number', 'media_metadata': {'photo_metadata': {'exif_data': [{'iso': 'number', 'focal_length': 'string', 'upload_ip': 'string', 'taken_timestamp': 'number', 'modified_timestamp': 'number', 'camera_make': 'string', 'camera_model': 'string', 'exposure': 'string', 'f_stop': 'string', 'orientation': 'number', 'original_width': 'number', 'original_height': 'number'}]}}, 'title': 'string', 'description': 'string'}], 'cover_photo': {'uri': 'string', 'creation_timestamp': 'number', 'media_metadata': {'photo_metadata': {'exif_data': [{'upload_ip': 'string', 'taken_timestamp': 'number', 'orientation': 'number'}]}}, 'title': 'string', 'description': 'string'}, 'last_modified_timestamp': 'number', 'description': 'string'}",your_facebook_activity,posts,album,Missing,3.json,cover_photo,title,NO LIST,Missing,NO LIST,Missing,MISSING,Missing,MISSING,Missing,MISSING,Missing,MISSING,Missing,MISSING,Missing,MISSING,string
your_facebook_activity/posts/album/3.json,"{'name': 'string', 'photos': [{'uri': 'string', 'creation_timestamp': 'number', 'media_metadata': {'photo_metadata': {'exif_data': [{'iso': 'number', 'focal_length': 'string', 'upload_ip': 'string', 'taken_timestamp': 'number', 'modified_timestamp': 'number', 'camera_make': 'string', 'camera_model': 'string', 'exposure': 'string', 'f_stop': 'string', 'orientation': 'number', 'original_width': 'number', 'original_height': 'number'}]}}, 'title': 'string', 'description': 'string'}], 'cover_photo': {'uri': 'string', 'creation_timestamp': 'number', 'media_metadata': {'photo_metadata': {'exif_data': [{'upload_ip': 'string', 'taken_timestamp': 'number', 'orientation': 'number'}]}}, 'title': 'string', 'description': 'string'}, 'last_modified_timestamp': 'number', 'description': 'string'}",your_facebook_activity,posts,album,Missing,3.json,cover_photo,description,NO LIST,Missing,NO LIST,Missing,MISSING,Missing,MISSING,Missing,MISSING,Missing,MISSING,Missing,MISSING,Missing,MISSING,string
your_facebook_activity/posts/album/3.json,"{'name': 'string', 'photos': [{'uri': 'string', 'creation_timestamp': 'number', 'media_metadata': {'photo_metadata': {'exif_data': [{'iso': 'number', 'focal_length': 'string', 'upload_ip': 'string', 'taken_timestamp': 'number', 'modified_timestamp': 'number', 'camera_make': 'string', 'camera_model': 'string', 'exposure': 'string', 'f_stop': 'string', 'orientation': 'number', 'original_width': 'number', 'original_height': 'number'}]}}, 'title': 'string', 'description': 'string'}], 'cover_photo': {'uri': 'string', 'creation_timestamp': 'number', 'media_metadata': {'photo_metadata': {'exif_data': [{'upload_ip': 'string', 'taken_timestamp': 'number', 'orientation': 'number'}]}}, 'title': 'string', 'description': 'string'}, 'last_modified_timestamp': 'number', 'description': 'string'}",your_facebook_activity,posts,album,Missing,3.json,last_modified_timestamp,Missing,NO LIST,Missing,MISSING,Missing,MISSING,Missing,MISSING,Missing,MISSING,Missing,MISSING,Missing,MISSING,Missing,MISSING,number
your_facebook_activity/posts/album/3.json,"{'name': 'string', 'photos': [{'uri': 'string', 'creation_timestamp': 'number', 'media_metadata': {'photo_metadata': {'exif_data': [{'iso': 'number', 'focal_length': 'string', 'upload_ip': 'string', 'taken_timestamp': 'number', 'modified_timestamp': 'number', 'camera_make': 'string', 'camera_model': 'string', 'exposure': 'string', 'f_stop': 'string', 'orientation': 'number', 'original_width': 'number', 'original_height': 'number'}]}}, 'title': 'string', 'description': 'string'}], 'cover_photo': {'uri': 'string', 'creation_timestamp': 'number', 'media_metadata': {'photo_metadata': {'exif_data': [{'upload_ip': 'string', 'taken_timestamp': 'number', 'orientation': 'number'}]}}, 'title': 'string', 'description': 'string'}, 'last_modified_timestamp': 'number', 'description': 'string'}",your_facebook_activity,posts,album,Missing,3.json,description,Missing,NO LIST,Missing,MISSING,Missing,MISSING,Missing,MISSING,Missing,MISSING,Missing,MISSING,Missing,MISSING,Missing,MISSING,string
your_facebook_activity/posts/your_videos.json,"{'videos_v2': [{'uri': 'string', 'creation_timestamp': 'number', 'media_metadata': {'video_metadata': {'exif_data': [{'upload_ip': 'string', 'upload_timestamp': 'number'}]}}, 'title': 'string', 'description': 'string', 'dubbing_info': 'array', 'media_variants': 'array'}]}",your_facebook_activity,posts,Missing,Missing,your_videos.json,videos_v2,uri,LIST,Missing,NO LIST,Missing,MISSING,Missing,MISSING,Missing,MISSING,Missing,MISSING,Missing,MISSING,Missing,MISSING,string
your_facebook_activity/posts/your_videos.json,"{'videos_v2': [{'uri': 'string', 'creation_timestamp': 'number', 'media_metadata': {'video_metadata': {'exif_data': [{'upload_ip': 'string', 'upload_timestamp': 'number'}]}}, 'title': 'string', 'description': 'string', 'dubbing_info': 'array', 'media_variants': 'array'}]}",your_facebook_activity,posts,Missing,Missing,your_videos.json,videos_v2,creation_timestamp,LIST,Missing,NO LIST,Missing,MISSING,Missing,MISSING,Missing,MISSING,Missing,MISSING,Missing,MISSING,Missing,MISSING,number
your_facebook_activity/posts/your_videos.json,"{'videos_v2': [{'uri': 'string', 'creation_timestamp': 'number', 'media_metadata': {'video_metadata': {'exif_data': [{'upload_ip': 'string', 'upload_timestamp': 'number'}]}}, 'title': 'string', 'description': 'string', 'dubbing_info': 'array', 'media_variants': 'array'}]}",your_facebook_activity,posts,Missing,Missing,your_videos.json,videos_v2,media_metadata,LIST,video_metadata,NO LIST,exif_data,NO LIST,upload_ip,LIST,Missing,NO LIST,Missing,MISSING,Missing,MISSING,Missing,MISSING,string
your_facebook_activity/posts/your_videos.json,"{'videos_v2': [{'uri': 'string', 'creation_timestamp': 'number', 'media_metadata': {'video_metadata': {'exif_data': [{'upload_ip': 'string', 'upload_timestamp': 'number'}]}}, 'title': 'string', 'description': 'string', 'dubbing_info': 'array', 'media_variants': 'array'}]}",your_facebook_activity,posts,Missing,Missing,your_videos.json,videos_v2,media_metadata,LIST,video_metadata,NO LIST,exif_data,NO LIST,upload_timestamp,LIST,Missing,NO LIST,Missing,MISSING,Missing,MISSING,Missing,MISSING,number
your_facebook_activity/posts/your_videos.json,"{'videos_v2': [{'uri': 'string', 'creation_timestamp': 'number', 'media_metadata': {'video_metadata': {'exif_data': [{'upload_ip': 'string', 'upload_timestamp': 'number'}]}}, 'title': 'string', 'description': 'string', 'dubbing_info': 'array', 'media_variants': 'array'}]}",your_facebook_activity,posts,Missing,Missing,your_videos.json,videos_v2,title,LIST,Missing,NO LIST,Missing,MISSING,Missing,MISSING,Missing,MISSING,Missing,MISSING,Missing,MISSING,Missing,MISSING,string
your_facebook_activity/posts/your_videos.json,"{'videos_v2': [{'uri': 'string', 'creation_timestamp': 'number', 'media_metadata': {'video_metadata': {'exif_data': [{'upload_ip': 'string', 'upload_timestamp': 'number'}]}}, 'title': 'string', 'description': 'string', 'dubbing_info': 'array', 'media_variants': 'array'}]}",your_facebook_activity,posts,Missing,Missing,your_videos.json,videos_v2,description,LIST,Missing,NO LIST,Missing,MISSING,Missing,MISSING,Missing,MISSING,Missing,MISSING,Missing,MISSING,Missing,MISSING,string
your_facebook_activity/posts/your_videos.json,"{'videos_v2': [{'uri': 'string', 'creation_timestamp': 'number', 'media_metadata': {'video_metadata': {'exif_data': [{'upload_ip': 'string', 'upload_timestamp': 'number'}]}}, 'title': 'string', 'description': 'string', 'dubbing_info': 'array', 'media_variants': 'array'}]}",your_facebook_activity,posts,Missing,Missing,your_videos.json,videos_v2,dubbing_info,LIST,Missing,NO LIST,Missing,MISSING,Missing,MISSING,Missing,MISSING,Missing,MISSING,Missing,MISSING,Missing,MISSING,array
your_facebook_activity/posts/your_videos.json,"{'videos_v2': [{'uri': 'string', 'creation_timestamp': 'number', 'media_metadata': {'video_metadata': {'exif_data': [{'upload_ip': 'string', 'upload_timestamp': 'number'}]}}, 'title': 'string', 'description': 'string', 'dubbing_info': 'array', 'media_variants': 'array'}]}",your_facebook_activity,posts,Missing,Missing,your_videos.json,videos_v2,media_variants,LIST,Missing,NO LIST,Missing,MISSING,Missing,MISSING,Missing,MISSING,Missing,MISSING,Missing,MISSING,Missing,MISSING,array
your_facebook_activity/other_activity/weather_forecast_settings.json,"{'media': 'array', 'label_values': [{'label': 'string', 'value': 'string'}], 'fbid': 'string'}",your_facebook_activity,other_activity,Missing,Missing,weather_forecast_settings.json,media,Missing,NO LIST,Missing,MISSING,Missing,MISSING,Missing,MISSING,Missing,MISSING,Missing,MISSING,Missing,MISSING,Missing,MISSING,array
your_facebook_activity/other_activity/weather_forecast_settings.json,"{'media': 'array', 'label_values': [{'label': 'string', 'value': 'string'}], 'fbid': 'string'}",your_facebook_activity,other_activity,Missing,Missing,weather_forecast_settings.json,label_values,label,LIST,Missing,NO LIST,Missing,MISSING,Missing,MISSING,Missing,MISSING,Missing,MISSING,Missing,MISSING,Missing,MISSING,string
your_facebook_activity/other_activity/weather_forecast_settings.json,"{'media': 'array', 'label_values': [{'label': 'string', 'value': 'string'}], 'fbid': 'string'}",your_facebook_activity,other_activity,Missing,Missing,weather_forecast_settings.json,label_values,value,LIST,Missing,NO LIST,Missing,MISSING,Missing,MISSING,Missing,MISSING,Missing,MISSING,Missing,MISSING,Missing,MISSING,string
your_facebook_activity/other_activity/weather_forecast_settings.json,"{'media': 'array', 'label_values': [{'label': 'string', 'value': 'string'}], 'fbid': 'string'}",your_facebook_activity,other_activity,Missing,Missing,weather_forecast_settings.json,fbid,Missing,NO LIST,Missing,MISSING,Missing,MISSING,Missing,MISSING,Missing,MISSING,Missing,MISSING,Missing,MISSING,Missing,MISSING,string
your_facebook_activity/other_activity/your_mentions_settings.json,"{'timestamp': 'number', 'media': 'array', 'label_values': [{'label': 'string', 'value': 'string'}], 'fbid': 'string'}",your_facebook_activity,other_activity,Missing,Missing,your_mentions_settings.json,timestamp,Missing,NO LIST,Missing,MISSING,Missing,MISSING,Missing,MISSING,Missing,MISSING,Missing,MISSING,Missing,MISSING,Missing,MISSING,number
your_facebook_activity/other_activity/your_mentions_settings.json,"{'timestamp': 'number', 'media': 'array', 'label_values': [{'label': 'string', 'value': 'string'}], 'fbid': 'string'}",your_facebook_activity,other_activity,Missing,Missing,your_mentions_settings.json,media,Missing,NO LIST,Missing,MISSING,Missing,MISSING,Missing,MISSING,Missing,MISSING,Missing,MISSING,Missing,MISSING,Missing,MISSING,array
your_facebook_activity/other_activity/your_mentions_settings.json,"{'timestamp': 'number', 'media': 'array', 'label_values': [{'label': 'string', 'value': 'string'}], 'fbid': 'string'}",your_facebook_activity,other_activity,Missing,Missing,your_mentions_settings.json,label_values,label,LIST,Missing,NO LIST,Missing,MISSING,Missing,MISSING,Missing,MISSING,Missing,MISSING,Missing,MISSING,Missing,MISSING,string
your_facebook_activity/other_activity/your_mentions_settings.json,"{'timestamp': 'number', 'media': 'array', 'label_values': [{'label': 'string', 'value': 'string'}], 'fbid': 'string'}",your_facebook_activity,other_activity,Missing,Missing,your_mentions_settings.json,label_values,value,LIST,Missing,NO LIST,Missing,MISSING,Missing,MISSING,Missing,MISSING,Missing,MISSING,Missing,MISSING,Missing,MISSING,string
your_facebook_activity/other_activity/your_mentions_settings.json,"{'timestamp': 'number', 'media': 'array', 'label_values': [{'label': 'string', 'value': 'string'}], 'fbid': 'string'}",your_facebook_activity,other_activity,Missing,Missing,your_mentions_settings.json,fbid,Missing,NO LIST,Missing,MISSING,Missing,MISSING,Missing,MISSING,Missing,MISSING,Missing,MISSING,Missing,MISSING,Missing,MISSING,string
your_facebook_activity/other_activity/facebook_new_user_guide.json,"{'media': 'array', 'label_values': [{'label': 'string'}], 'fbid': 'string'}",your_facebook_activity,other_activity,Missing,Missing,facebook_new_user_guide.json,media,Missing,NO LIST,Missing,MISSING,Missing,MISSING,Missing,MISSING,Missing,MISSING,Missing,MISSING,Missing,MISSING,Missing,MISSING,array
your_facebook_activity/other_activity/facebook_new_user_guide.json,"{'media': 'array', 'label_values': [{'label': 'string'}], 'fbid': 'string'}",your_facebook_activity,other_activity,Missing,Missing,facebook_new_user_guide.json,label_values,label,LIST,Missing,NO LIST,Missing,MISSING,Missing,MISSING,Missing,MISSING,Missing,MISSING,Missing,MISSING,Missing,MISSING,string
your_facebook_activity/other_activity/facebook_new_user_guide.json,"{'media': 'array', 'label_values': [{'label': 'string'}], 'fbid': 'string'}",your_facebook_activity,other_activity,Missing,Missing,facebook_new_user_guide.json,fbid,Missing,NO LIST,Missing,MISSING,Missing,MISSING,Missing,MISSING,Missing,MISSING,Missing,MISSING,Missing,MISSING,Missing,MISSING,string
your_facebook_activity/other_activity/your_content_visibility_notification_history.json,"{'media': 'array', 'label_values': [{'label': 'string', 'value': 'string'}], 'fbid': 'string'}",your_facebook_activity,other_activity,Missing,Missing,your_content_visibility_notification_history.json,media,Missing,NO LIST,Missing,MISSING,Missing,MISSING,Missing,MISSING,Missing,MISSING,Missing,MISSING,Missing,MISSING,Missing,MISSING,array
your_facebook_activity/other_activity/your_content_visibility_notification_history.json,"{'media': 'array', 'label_values': [{'label': 'string', 'value': 'string'}], 'fbid': 'string'}",your_facebook_activity,other_activity,Missing,Missing,your_content_visibility_notification_history.json,label_values,label,LIST,Missing,NO LIST,Missing,MISSING,Missing,MISSING,Missing,MISSING,Missing,MISSING,Missing,MISSING,Missing,MISSING,string
your_facebook_activity/other_activity/your_content_visibility_notification_history.json,"{'media': 'array', 'label_values': [{'label': 'string', 'value': 'string'}], 'fbid': 'string'}",your_facebook_activity,other_activity,Missing,Missing,your_content_visibility_notification_history.json,label_values,value,LIST,Missing,NO LIST,Missing,MISSING,Missing,MISSING,Missing,MISSING,Missing,MISSING,Missing,MISSING,Missing,MISSING,string
your_facebook_activity/other_activity/your_content_visibility_notification_history.json,"{'media': 'array', 'label_values': [{'label': 'string', 'value': 'string'}], 'fbid': 'string'}",your_facebook_activity,other_activity,Missing,Missing,your_content_visibility_notification_history.json,fbid,Missing,NO LIST,Missing,MISSING,Missing,MISSING,Missing,MISSING,Missing,MISSING,Missing,MISSING,Missing,MISSING,Missing,MISSING,string
your_facebook_activity/your_places/cities_you_have_checked_into.json,"{'media': 'array', 'label_values': [{'label': 'string', 'vec': [{'value': 'string'}]}], 'fbid': 'string'}",your_facebook_activity,your_places,Missing,Missing,cities_you_have_checked_into.json,media,Missing,NO LIST,Missing,MISSING,Missing,MISSING,Missing,MISSING,Missing,MISSING,Missing,MISSING,Missing,MISSING,Missing,MISSING,array
your_facebook_activity/your_places/cities_you_have_checked_into.json,"{'media': 'array', 'label_values': [{'label': 'string', 'vec': [{'value': 'string'}]}], 'fbid': 'string'}",your_facebook_activity,your_places,Missing,Missing,cities_you_have_checked_into.json,label_values,label,LIST,Missing,NO LIST,Missing,MISSING,Missing,MISSING,Missing,MISSING,Missing,MISSING,Missing,MISSING,Missing,MISSING,string
your_facebook_activity/your_places/cities_you_have_checked_into.json,"{'media': 'array', 'label_values': [{'label': 'string', 'vec': [{'value': 'string'}]}], 'fbid': 'string'}",your_facebook_activity,your_places,Missing,Missing,cities_you_have_checked_into.json,label_values,vec,LIST,value,LIST,Missing,NO LIST,Missing,MISSING,Missing,MISSING,Missing,MISSING,Missing,MISSING,Missing,MISSING,string
your_facebook_activity/your_places/cities_you_have_checked_into.json,"{'media': 'array', 'label_values': [{'label': 'string', 'vec': [{'value': 'string'}]}], 'fbid': 'string'}",your_facebook_activity,your_places,Missing,Missing,cities_you_have_checked_into.json,fbid,Missing,NO LIST,Missing,MISSING,Missing,MISSING,Missing,MISSING,Missing,MISSING,Missing,MISSING,Missing,MISSING,Missing,MISSING,string
your_facebook_activity/voting/voting_location.json,{'voting_location_v2': {'voting_location': 'string'}},your_facebook_activity,voting,Missing,Missing,voting_location.json,voting_location_v2,voting_location,NO LIST,Missing,NO LIST,Missing,MISSING,Missing,MISSING,Missing,MISSING,Missing,MISSING,Missing,MISSING,Missing,MISSING,string
your_facebook_activity/voting/voting_reminders.json,{'voting_reminders_v2': {'voting_reminders': 'string'}},your_facebook_activity,voting,Missing,Missing,voting_reminders.json,voting_reminders_v2,voting_reminders,NO LIST,Missing,NO LIST,Missing,MISSING,Missing,MISSING,Missing,MISSING,Missing,MISSING,Missing,MISSING,Missing,MISSING,string
your_facebook_activity/pages/pages_you've_liked.json,"{'page_likes_v2': [{'name': 'string', 'timestamp': 'number', 'url': 'string'}]}",your_facebook_activity,pages,Missing,Missing,pages_you've_liked.json,page_likes_v2,name,LIST,Missing,NO LIST,Missing,MISSING,Missing,MISSING,Missing,MISSING,Missing,MISSING,Missing,MISSING,Missing,MISSING,string
your_facebook_activity/pages/pages_you've_liked.json,"{'page_likes_v2': [{'name': 'string', 'timestamp': 'number', 'url': 'string'}]}",your_facebook_activity,pages,Missing,Missing,pages_you've_liked.json,page_likes_v2,timestamp,LIST,Missing,NO LIST,Missing,MISSING,Missing,MISSING,Missing,MISSING,Missing,MISSING,Missing,MISSING,Missing,MISSING,number
your_facebook_activity/pages/pages_you've_liked.json,"{'page_likes_v2': [{'name': 'string', 'timestamp': 'number', 'url': 'string'}]}",your_facebook_activity,pages,Missing,Missing,pages_you've_liked.json,page_likes_v2,url,LIST,Missing,NO LIST,Missing,MISSING,Missing,MISSING,Missing,MISSING,Missing,MISSING,Missing,MISSING,Missing,MISSING,string
your_facebook_activity/pages/pages_and_profiles_you've_recommended.json,"{'recommended_pages_v2': [{'name': 'string', 'timestamp': 'number', 'url': 'string'}]}",your_facebook_activity,pages,Missing,Missing,pages_and_profiles_you've_recommended.json,recommended_pages_v2,name,LIST,Missing,NO LIST,Missing,MISSING,Missing,MISSING,Missing,MISSING,Missing,MISSING,Missing,MISSING,Missing,MISSING,string
your_facebook_activity/pages/pages_and_profiles_you've_recommended.json,"{'recommended_pages_v2': [{'name': 'string', 'timestamp': 'number', 'url': 'string'}]}",your_facebook_activity,pages,Missing,Missing,pages_and_profiles_you've_recommended.json,recommended_pages_v2,timestamp,LIST,Missing,NO LIST,Missing,MISSING,Missing,MISSING,Missing,MISSING,Missing,MISSING,Missing,MISSING,Missing,MISSING,number
your_facebook_activity/pages/pages_and_profiles_you've_recommended.json,"{'recommended_pages_v2': [{'name': 'string', 'timestamp': 'number', 'url': 'string'}]}",your_facebook_activity,pages,Missing,Missing,pages_and_profiles_you've_recommended.json,recommended_pages_v2,url,LIST,Missing,NO LIST,Missing,MISSING,Missing,MISSING,Missing,MISSING,Missing,MISSING,Missing,MISSING,Missing,MISSING,string
your_facebook_activity/pages/pages_and_profiles_you_follow.json,"{'pages_followed_v2': [{'timestamp': 'number', 'data': [{'name': 'string'}], 'title': 'string'}]}",your_facebook_activity,pages,Missing,Missing,pages_and_profiles_you_follow.json,pages_followed_v2,timestamp,LIST,Missing,NO LIST,Missing,MISSING,Missing,MISSING,Missing,MISSING,Missing,MISSING,Missing,MISSING,Missing,MISSING,number
your_facebook_activity/pages/pages_and_profiles_you_follow.json,"{'pages_followed_v2': [{'timestamp': 'number', 'data': [{'name': 'string'}], 'title': 'string'}]}",your_facebook_activity,pages,Missing,Missing,pages_and_profiles_you_follow.json,pages_followed_v2,data,LIST,name,LIST,Missing,NO LIST,Missing,MISSING,Missing,MISSING,Missing,MISSING,Missing,MISSING,Missing,MISSING,string
your_facebook_activity/pages/pages_and_profiles_you_follow.json,"{'pages_followed_v2': [{'timestamp': 'number', 'data': [{'name': 'string'}], 'title': 'string'}]}",your_facebook_activity,pages,Missing,Missing,pages_and_profiles_you_follow.json,pages_followed_v2,title,LIST,Missing,NO LIST,Missing,MISSING,Missing,MISSING,Missing,MISSING,Missing,MISSING,Missing,MISSING,Missing,MISSING,string
connections/friends/suggested_friends.json,"{'media': 'array', 'label_values': [{'label': 'string', 'timestamp_value': 'number'}], 'fbid': 'string'}",connections,friends,Missing,Missing,suggested_friends.json,media,Missing,NO LIST,Missing,MISSING,Missing,MISSING,Missing,MISSING,Missing,MISSING,Missing,MISSING,Missing,MISSING,Missing,MISSING,array
connections/friends/suggested_friends.json,"{'media': 'array', 'label_values': [{'label': 'string', 'timestamp_value': 'number'}], 'fbid': 'string'}",connections,friends,Missing,Missing,suggested_friends.json,label_values,label,LIST,Missing,NO LIST,Missing,MISSING,Missing,MISSING,Missing,MISSING,Missing,MISSING,Missing,MISSING,Missing,MISSING,string
connections/friends/suggested_friends.json,"{'media': 'array', 'label_values': [{'label': 'string', 'timestamp_value': 'number'}], 'fbid': 'string'}",connections,friends,Missing,Missing,suggested_friends.json,label_values,timestamp_value,LIST,Missing,NO LIST,Missing,MISSING,Missing,MISSING,Missing,MISSING,Missing,MISSING,Missing,MISSING,Missing,MISSING,number
connections/friends/suggested_friends.json,"{'media': 'array', 'label_values': [{'label': 'string', 'timestamp_value': 'number'}], 'fbid': 'string'}",connections,friends,Missing,Missing,suggested_friends.json,fbid,Missing,NO LIST,Missing,MISSING,Missing,MISSING,Missing,MISSING,Missing,MISSING,Missing,MISSING,Missing,MISSING,Missing,MISSING,string
connections/friends/your_post_audiences.json,"{'media': 'array', 'label_values': [{'label': 'string', 'value': 'string'}], 'fbid': 'string'}",connections,friends,Missing,Missing,your_post_audiences.json,media,Missing,NO LIST,Missing,MISSING,Missing,MISSING,Missing,MISSING,Missing,MISSING,Missing,MISSING,Missing,MISSING,Missing,MISSING,array
connections/friends/your_post_audiences.json,"{'media': 'array', 'label_values': [{'label': 'string', 'value': 'string'}], 'fbid': 'string'}",connections,friends,Missing,Missing,your_post_audiences.json,label_values,label,LIST,Missing,NO LIST,Missing,MISSING,Missing,MISSING,Missing,MISSING,Missing,MISSING,Missing,MISSING,Missing,MISSING,string
connections/friends/your_post_audiences.json,"{'media': 'array', 'label_values': [{'label': 'string', 'value': 'string'}], 'fbid': 'string'}",connections,friends,Missing,Missing,your_post_audiences.json,label_values,value,LIST,Missing,NO LIST,Missing,MISSING,Missing,MISSING,Missing,MISSING,Missing,MISSING,Missing,MISSING,Missing,MISSING,string
connections/friends/your_post_audiences.json,"{'media': 'array', 'label_values': [{'label': 'string', 'value': 'string'}], 'fbid': 'string'}",connections,friends,Missing,Missing,your_post_audiences.json,fbid,Missing,NO LIST,Missing,MISSING,Missing,MISSING,Missing,MISSING,Missing,MISSING,Missing,MISSING,Missing,MISSING,Missing,MISSING,string
connections/friends/people_you_may_know.json,"{'media': 'array', 'label_values': [{'label': 'string', 'vec': [{'value': 'string'}]}], 'fbid': 'string'}",connections,friends,Missing,Missing,people_you_may_know.json,media,Missing,NO LIST,Missing,MISSING,Missing,MISSING,Missing,MISSING,Missing,MISSING,Missing,MISSING,Missing,MISSING,Missing,MISSING,array
connections/friends/people_you_may_know.json,"{'media': 'array', 'label_values': [{'label': 'string', 'vec': [{'value': 'string'}]}], 'fbid': 'string'}",connections,friends,Missing,Missing,people_you_may_know.json,label_values,label,LIST,Missing,NO LIST,Missing,MISSING,Missing,MISSING,Missing,MISSING,Missing,MISSING,Missing,MISSING,Missing,MISSING,string
connections/friends/people_you_may_know.json,"{'media': 'array', 'label_values': [{'label': 'string', 'vec': [{'value': 'string'}]}], 'fbid': 'string'}",connections,friends,Missing,Missing,people_you_may_know.json,label_values,vec,LIST,value,LIST,Missing,NO LIST,Missing,MISSING,Missing,MISSING,Missing,MISSING,Missing,MISSING,Missing,MISSING,string
connections/friends/people_you_may_know.json,"{'media': 'array', 'label_values': [{'label': 'string', 'vec': [{'value': 'string'}]}], 'fbid': 'string'}",connections,friends,Missing,Missing,people_you_may_know.json,fbid,Missing,NO LIST,Missing,MISSING,Missing,MISSING,Missing,MISSING,Missing,MISSING,Missing,MISSING,Missing,MISSING,Missing,MISSING,string
connections/friends/sent_friend_requests.json,"{'sent_requests_v2': [{'name': 'string', 'timestamp': 'number'}]}",connections,friends,Missing,Missing,sent_friend_requests.json,sent_requests_v2,name,LIST,Missing,NO LIST,Missing,MISSING,Missing,MISSING,Missing,MISSING,Missing,MISSING,Missing,MISSING,Missing,MISSING,string
connections/friends/sent_friend_requests.json,"{'sent_requests_v2': [{'name': 'string', 'timestamp': 'number'}]}",connections,friends,Missing,Missing,sent_friend_requests.json,sent_requests_v2,timestamp,LIST,Missing,NO LIST,Missing,MISSING,Missing,MISSING,Missing,MISSING,Missing,MISSING,Missing,MISSING,Missing,MISSING,number
connections/friends/rejected_friend_requests.json,"{'rejected_requests_v2': [{'name': 'string', 'timestamp': 'number'}]}",connections,friends,Missing,Missing,rejected_friend_requests.json,rejected_requests_v2,name,LIST,Missing,NO LIST,Missing,MISSING,Missing,MISSING,Missing,MISSING,Missing,MISSING,Missing,MISSING,Missing,MISSING,string
connections/friends/rejected_friend_requests.json,"{'rejected_requests_v2': [{'name': 'string', 'timestamp': 'number'}]}",connections,friends,Missing,Missing,rejected_friend_requests.json,rejected_requests_v2,timestamp,LIST,Missing,NO LIST,Missing,MISSING,Missing,MISSING,Missing,MISSING,Missing,MISSING,Missing,MISSING,Missing,MISSING,number
connections/friends/received_friend_requests.json,"{'received_requests_v2': [{'name': 'string', 'timestamp': 'number'}]}",connections,friends,Missing,Missing,received_friend_requests.json,received_requests_v2,name,LIST,Missing,NO LIST,Missing,MISSING,Missing,MISSING,Missing,MISSING,Missing,MISSING,Missing,MISSING,Missing,MISSING,string
connections/friends/received_friend_requests.json,"{'received_requests_v2': [{'name': 'string', 'timestamp': 'number'}]}",connections,friends,Missing,Missing,received_friend_requests.json,received_requests_v2,timestamp,LIST,Missing,NO LIST,Missing,MISSING,Missing,MISSING,Missing,MISSING,Missing,MISSING,Missing,MISSING,Missing,MISSING,number
connections/friends/your_friends.json,"{'friends_v2': [{'name': 'string', 'timestamp': 'number'}]}",connections,friends,Missing,Missing,your_friends.json,friends_v2,name,LIST,Missing,NO LIST,Missing,MISSING,Missing,MISSING,Missing,MISSING,Missing,MISSING,Missing,MISSING,Missing,MISSING,string
connections/friends/your_friends.json,"{'friends_v2': [{'name': 'string', 'timestamp': 'number'}]}",connections,friends,Missing,Missing,your_friends.json,friends_v2,timestamp,LIST,Missing,NO LIST,Missing,MISSING,Missing,MISSING,Missing,MISSING,Missing,MISSING,Missing,MISSING,Missing,MISSING,number
connections/followers/who_you've_followed.json,"{'following_v3': [{'name': 'string', 'timestamp': 'number'}]}",connections,followers,Missing,Missing,who_you've_followed.json,following_v3,name,LIST,Missing,NO LIST,Missing,MISSING,Missing,MISSING,Missing,MISSING,Missing,MISSING,Missing,MISSING,Missing,MISSING,string
connections/followers/who_you've_followed.json,"{'following_v3': [{'name': 'string', 'timestamp': 'number'}]}",connections,followers,Missing,Missing,who_you've_followed.json,following_v3,timestamp,LIST,Missing,NO LIST,Missing,MISSING,Missing,MISSING,Missing,MISSING,Missing,MISSING,Missing,MISSING,Missing,MISSING,number
preferences/feed/unfollowed_profiles.json,"{'media': 'array', 'label_values': [{'label': 'string', 'value': 'string'}], 'fbid': 'string'}",preferences,feed,Missing,Missing,unfollowed_profiles.json,media,Missing,NO LIST,Missing,MISSING,Missing,MISSING,Missing,MISSING,Missing,MISSING,Missing,MISSING,Missing,MISSING,Missing,MISSING,array
preferences/feed/unfollowed_profiles.json,"{'media': 'array', 'label_values': [{'label': 'string', 'value': 'string'}], 'fbid': 'string'}",preferences,feed,Missing,Missing,unfollowed_profiles.json,label_values,label,LIST,Missing,NO LIST,Missing,MISSING,Missing,MISSING,Missing,MISSING,Missing,MISSING,Missing,MISSING,Missing,MISSING,string
preferences/feed/unfollowed_profiles.json,"{'media': 'array', 'label_values': [{'label': 'string', 'value': 'string'}], 'fbid': 'string'}",preferences,feed,Missing,Missing,unfollowed_profiles.json,label_values,value,LIST,Missing,NO LIST,Missing,MISSING,Missing,MISSING,Missing,MISSING,Missing,MISSING,Missing,MISSING,Missing,MISSING,string
preferences/feed/unfollowed_profiles.json,"{'media': 'array', 'label_values': [{'label': 'string', 'value': 'string'}], 'fbid': 'string'}",preferences,feed,Missing,Missing,unfollowed_profiles.json,fbid,Missing,NO LIST,Missing,MISSING,Missing,MISSING,Missing,MISSING,Missing,MISSING,Missing,MISSING,Missing,MISSING,Missing,MISSING,string
preferences/feed/controls.json,"{'controls': [{'name': 'string', 'description': 'string', 'entries': 'array'}]}",preferences,feed,Missing,Missing,controls.json,controls,name,LIST,Missing,NO LIST,Missing,MISSING,Missing,MISSING,Missing,MISSING,Missing,MISSING,Missing,MISSING,Missing,MISSING,string
preferences/feed/controls.json,"{'controls': [{'name': 'string', 'description': 'string', 'entries': 'array'}]}",preferences,feed,Missing,Missing,controls.json,controls,description,LIST,Missing,NO LIST,Missing,MISSING,Missing,MISSING,Missing,MISSING,Missing,MISSING,Missing,MISSING,Missing,MISSING,string
preferences/feed/controls.json,"{'controls': [{'name': 'string', 'description': 'string', 'entries': 'array'}]}",preferences,feed,Missing,Missing,controls.json,controls,entries,LIST,Missing,NO LIST,Missing,MISSING,Missing,MISSING,Missing,MISSING,Missing,MISSING,Missing,MISSING,Missing,MISSING,array
preferences/feed/feed.json,"{'people_and_friends_v2': [{'name': 'string', 'description': 'string', 'entries': [{'timestamp': 'number', 'data': {'name': 'string', 'uri': 'string'}}]}]}",preferences,feed,Missing,Missing,feed.json,people_and_friends_v2,name,LIST,Missing,NO LIST,Missing,MISSING,Missing,MISSING,Missing,MISSING,Missing,MISSING,Missing,MISSING,Missing,MISSING,string
preferences/feed/feed.json,"{'people_and_friends_v2': [{'name': 'string', 'description': 'string', 'entries': [{'timestamp': 'number', 'data': {'name': 'string', 'uri': 'string'}}]}]}",preferences,feed,Missing,Missing,feed.json,people_and_friends_v2,description,LIST,Missing,NO LIST,Missing,MISSING,Missing,MISSING,Missing,MISSING,Missing,MISSING,Missing,MISSING,Missing,MISSING,string
preferences/feed/feed.json,"{'people_and_friends_v2': [{'name': 'string', 'description': 'string', 'entries': [{'timestamp': 'number', 'data': {'name': 'string', 'uri': 'string'}}]}]}",preferences,feed,Missing,Missing,feed.json,people_and_friends_v2,entries,LIST,timestamp,LIST,Missing,NO LIST,Missing,MISSING,Missing,MISSING,Missing,MISSING,Missing,MISSING,Missing,MISSING,number
preferences/feed/feed.json,"{'people_and_friends_v2': [{'name': 'string', 'description': 'string', 'entries': [{'timestamp': 'number', 'data': {'name': 'string', 'uri': 'string'}}]}]}",preferences,feed,Missing,Missing,feed.json,people_and_friends_v2,entries,LIST,data,LIST,name,NO LIST,Missing,NO LIST,Missing,MISSING,Missing,MISSING,Missing,MISSING,Missing,MISSING,string
preferences/feed/feed.json,"{'people_and_friends_v2': [{'name': 'string', 'description': 'string', 'entries': [{'timestamp': 'number', 'data': {'name': 'string', 'uri': 'string'}}]}]}",preferences,feed,Missing,Missing,feed.json,people_and_friends_v2,entries,LIST,data,LIST,uri,NO LIST,Missing,NO LIST,Missing,MISSING,Missing,MISSING,Missing,MISSING,Missing,MISSING,string
preferences/preferences/browser_push_notifications.json,"{'timestamp': 'number', 'media': 'array', 'label_values': [{'label': 'string', 'timestamp_value': 'number'}], 'fbid': 'string'}",preferences,preferences,Missing,Missing,browser_push_notifications.json,timestamp,Missing,NO LIST,Missing,MISSING,Missing,MISSING,Missing,MISSING,Missing,MISSING,Missing,MISSING,Missing,MISSING,Missing,MISSING,number
preferences/preferences/browser_push_notifications.json,"{'timestamp': 'number', 'media': 'array', 'label_values': [{'label': 'string', 'timestamp_value': 'number'}], 'fbid': 'string'}",preferences,preferences,Missing,Missing,browser_push_notifications.json,media,Missing,NO LIST,Missing,MISSING,Missing,MISSING,Missing,MISSING,Missing,MISSING,Missing,MISSING,Missing,MISSING,Missing,MISSING,array
preferences/preferences/browser_push_notifications.json,"{'timestamp': 'number', 'media': 'array', 'label_values': [{'label': 'string', 'timestamp_value': 'number'}], 'fbid': 'string'}",preferences,preferences,Missing,Missing,browser_push_notifications.json,label_values,label,LIST,Missing,NO LIST,Missing,MISSING,Missing,MISSING,Missing,MISSING,Missing,MISSING,Missing,MISSING,Missing,MISSING,string
preferences/preferences/browser_push_notifications.json,"{'timestamp': 'number', 'media': 'array', 'label_values': [{'label': 'string', 'timestamp_value': 'number'}], 'fbid': 'string'}",preferences,preferences,Missing,Missing,browser_push_notifications.json,label_values,timestamp_value,LIST,Missing,NO LIST,Missing,MISSING,Missing,MISSING,Missing,MISSING,Missing,MISSING,Missing,MISSING,Missing,MISSING,number
preferences/preferences/browser_push_notifications.json,"{'timestamp': 'number', 'media': 'array', 'label_values': [{'label': 'string', 'timestamp_value': 'number'}], 'fbid': 'string'}",preferences,preferences,Missing,Missing,browser_push_notifications.json,fbid,Missing,NO LIST,Missing,MISSING,Missing,MISSING,Missing,MISSING,Missing,MISSING,Missing,MISSING,Missing,MISSING,Missing,MISSING,string
preferences/preferences/your_post_composer_settings.json,"{'media': 'array', 'label_values': [{'label': 'string', 'value': 'string'}], 'fbid': 'string'}",preferences,preferences,Missing,Missing,your_post_composer_settings.json,media,Missing,NO LIST,Missing,MISSING,Missing,MISSING,Missing,MISSING,Missing,MISSING,Missing,MISSING,Missing,MISSING,Missing,MISSING,array
preferences/preferences/your_post_composer_settings.json,"{'media': 'array', 'label_values': [{'label': 'string', 'value': 'string'}], 'fbid': 'string'}",preferences,preferences,Missing,Missing,your_post_composer_settings.json,label_values,label,LIST,Missing,NO LIST,Missing,MISSING,Missing,MISSING,Missing,MISSING,Missing,MISSING,Missing,MISSING,Missing,MISSING,string
preferences/preferences/your_post_composer_settings.json,"{'media': 'array', 'label_values': [{'label': 'string', 'value': 'string'}], 'fbid': 'string'}",preferences,preferences,Missing,Missing,your_post_composer_settings.json,label_values,value,LIST,Missing,NO LIST,Missing,MISSING,Missing,MISSING,Missing,MISSING,Missing,MISSING,Missing,MISSING,Missing,MISSING,string
preferences/preferences/your_post_composer_settings.json,"{'media': 'array', 'label_values': [{'label': 'string', 'value': 'string'}], 'fbid': 'string'}",preferences,preferences,Missing,Missing,your_post_composer_settings.json,fbid,Missing,NO LIST,Missing,MISSING,Missing,MISSING,Missing,MISSING,Missing,MISSING,Missing,MISSING,Missing,MISSING,Missing,MISSING,string
preferences/preferences/reels_preferences.json,"{'media': 'array', 'label_values': [{'label': 'string', 'value': 'string'}], 'fbid': 'string'}",preferences,preferences,Missing,Missing,reels_preferences.json,media,Missing,NO LIST,Missing,MISSING,Missing,MISSING,Missing,MISSING,Missing,MISSING,Missing,MISSING,Missing,MISSING,Missing,MISSING,array
preferences/preferences/reels_preferences.json,"{'media': 'array', 'label_values': [{'label': 'string', 'value': 'string'}], 'fbid': 'string'}",preferences,preferences,Missing,Missing,reels_preferences.json,label_values,label,LIST,Missing,NO LIST,Missing,MISSING,Missing,MISSING,Missing,MISSING,Missing,MISSING,Missing,MISSING,Missing,MISSING,string
preferences/preferences/reels_preferences.json,"{'media': 'array', 'label_values': [{'label': 'string', 'value': 'string'}], 'fbid': 'string'}",preferences,preferences,Missing,Missing,reels_preferences.json,label_values,value,LIST,Missing,NO LIST,Missing,MISSING,Missing,MISSING,Missing,MISSING,Missing,MISSING,Missing,MISSING,Missing,MISSING,string
preferences/preferences/reels_preferences.json,"{'media': 'array', 'label_values': [{'label': 'string', 'value': 'string'}], 'fbid': 'string'}",preferences,preferences,Missing,Missing,reels_preferences.json,fbid,Missing,NO LIST,Missing,MISSING,Missing,MISSING,Missing,MISSING,Missing,MISSING,Missing,MISSING,Missing,MISSING,Missing,MISSING,string
preferences/preferences/your_fundraiser_settings.json,"{'media': 'array', 'label_values': [{'label': 'string', 'vec': [{'dict': [{'label': 'string', 'value': 'string'}]}]}], 'fbid': 'string'}",preferences,preferences,Missing,Missing,your_fundraiser_settings.json,media,Missing,NO LIST,Missing,MISSING,Missing,MISSING,Missing,MISSING,Missing,MISSING,Missing,MISSING,Missing,MISSING,Missing,MISSING,array
preferences/preferences/your_fundraiser_settings.json,"{'media': 'array', 'label_values': [{'label': 'string', 'vec': [{'dict': [{'label': 'string', 'value': 'string'}]}]}], 'fbid': 'string'}",preferences,preferences,Missing,Missing,your_fundraiser_settings.json,label_values,label,LIST,Missing,NO LIST,Missing,MISSING,Missing,MISSING,Missing,MISSING,Missing,MISSING,Missing,MISSING,Missing,MISSING,string
preferences/preferences/your_fundraiser_settings.json,"{'media': 'array', 'label_values': [{'label': 'string', 'vec': [{'dict': [{'label': 'string', 'value': 'string'}]}]}], 'fbid': 'string'}",preferences,preferences,Missing,Missing,your_fundraiser_settings.json,label_values,vec,LIST,Missing,LIST,label,LIST,Missing,NO LIST,Missing,MISSING,Missing,MISSING,Missing,MISSING,Missing,MISSING,string
preferences/preferences/your_fundraiser_settings.json,"{'media': 'array', 'label_values': [{'label': 'string', 'vec': [{'dict': [{'label': 'string', 'value': 'string'}]}]}], 'fbid': 'string'}",preferences,preferences,Missing,Missing,your_fundraiser_settings.json,label_values,vec,LIST,Missing,LIST,value,LIST,Missing,NO LIST,Missing,MISSING,Missing,MISSING,Missing,MISSING,Missing,MISSING,string
preferences/preferences/your_fundraiser_settings.json,"{'media': 'array', 'label_values': [{'label': 'string', 'vec': [{'dict': [{'label': 'string', 'value': 'string'}]}]}], 'fbid': 'string'}",preferences,preferences,Missing,Missing,your_fundraiser_settings.json,fbid,Missing,NO LIST,Missing,MISSING,Missing,MISSING,Missing,MISSING,Missing,MISSING,Missing,MISSING,Missing,MISSING,Missing,MISSING,string
preferences/preferences/language_settings_history.json,"{'timestamp': 'number', 'media': 'array', 'label_values': [{'label': 'string', 'vec': [{'dict': [{'label': 'string', 'timestamp_value': 'number'}]}]}], 'fbid': 'string'}",preferences,preferences,Missing,Missing,language_settings_history.json,timestamp,Missing,NO LIST,Missing,MISSING,Missing,MISSING,Missing,MISSING,Missing,MISSING,Missing,MISSING,Missing,MISSING,Missing,MISSING,number
preferences/preferences/language_settings_history.json,"{'timestamp': 'number', 'media': 'array', 'label_values': [{'label': 'string', 'vec': [{'dict': [{'label': 'string', 'timestamp_value': 'number'}]}]}], 'fbid': 'string'}",preferences,preferences,Missing,Missing,language_settings_history.json,media,Missing,NO LIST,Missing,MISSING,Missing,MISSING,Missing,MISSING,Missing,MISSING,Missing,MISSING,Missing,MISSING,Missing,MISSING,array
preferences/preferences/language_settings_history.json,"{'timestamp': 'number', 'media': 'array', 'label_values': [{'label': 'string', 'vec': [{'dict': [{'label': 'string', 'timestamp_value': 'number'}]}]}], 'fbid': 'string'}",preferences,preferences,Missing,Missing,language_settings_history.json,label_values,label,LIST,Missing,NO LIST,Missing,MISSING,Missing,MISSING,Missing,MISSING,Missing,MISSING,Missing,MISSING,Missing,MISSING,string
preferences/preferences/language_settings_history.json,"{'timestamp': 'number', 'media': 'array', 'label_values': [{'label': 'string', 'vec': [{'dict': [{'label': 'string', 'timestamp_value': 'number'}]}]}], 'fbid': 'string'}",preferences,preferences,Missing,Missing,language_settings_history.json,label_values,vec,LIST,Missing,LIST,label,LIST,Missing,NO LIST,Missing,MISSING,Missing,MISSING,Missing,MISSING,Missing,MISSING,string
preferences/preferences/language_settings_history.json,"{'timestamp': 'number', 'media': 'array', 'label_values': [{'label': 'string', 'vec': [{'dict': [{'label': 'string', 'timestamp_value': 'number'}]}]}], 'fbid': 'string'}",preferences,preferences,Missing,Missing,language_settings_history.json,label_values,vec,LIST,Missing,LIST,timestamp_value,LIST,Missing,NO LIST,Missing,MISSING,Missing,MISSING,Missing,MISSING,Missing,MISSING,number
preferences/preferences/language_settings_history.json,"{'timestamp': 'number', 'media': 'array', 'label_values': [{'label': 'string', 'vec': [{'dict': [{'label': 'string', 'timestamp_value': 'number'}]}]}], 'fbid': 'string'}",preferences,preferences,Missing,Missing,language_settings_history.json,fbid,Missing,NO LIST,Missing,MISSING,Missing,MISSING,Missing,MISSING,Missing,MISSING,Missing,MISSING,Missing,MISSING,Missing,MISSING,string
preferences/preferences/login_alerts_settings.json,"{'media': 'array', 'label_values': [{'label': 'string', 'value': 'string'}], 'fbid': 'string'}",preferences,preferences,Missing,Missing,login_alerts_settings.json,media,Missing,NO LIST,Missing,MISSING,Missing,MISSING,Missing,MISSING,Missing,MISSING,Missing,MISSING,Missing,MISSING,Missing,MISSING,array
preferences/preferences/login_alerts_settings.json,"{'media': 'array', 'label_values': [{'label': 'string', 'value': 'string'}], 'fbid': 'string'}",preferences,preferences,Missing,Missing,login_alerts_settings.json,label_values,label,LIST,Missing,NO LIST,Missing,MISSING,Missing,MISSING,Missing,MISSING,Missing,MISSING,Missing,MISSING,Missing,MISSING,string
preferences/preferences/login_alerts_settings.json,"{'media': 'array', 'label_values': [{'label': 'string', 'value': 'string'}], 'fbid': 'string'}",preferences,preferences,Missing,Missing,login_alerts_settings.json,label_values,value,LIST,Missing,NO LIST,Missing,MISSING,Missing,MISSING,Missing,MISSING,Missing,MISSING,Missing,MISSING,Missing,MISSING,string
preferences/preferences/login_alerts_settings.json,"{'media': 'array', 'label_values': [{'label': 'string', 'value': 'string'}], 'fbid': 'string'}",preferences,preferences,Missing,Missing,login_alerts_settings.json,fbid,Missing,NO LIST,Missing,MISSING,Missing,MISSING,Missing,MISSING,Missing,MISSING,Missing,MISSING,Missing,MISSING,Missing,MISSING,string
preferences/preferences/your_device_push_settings.json,"{'media': 'array', 'label_values': [{'label': 'string', 'timestamp_value': 'number'}], 'fbid': 'string'}",preferences,preferences,Missing,Missing,your_device_push_settings.json,media,Missing,NO LIST,Missing,MISSING,Missing,MISSING,Missing,MISSING,Missing,MISSING,Missing,MISSING,Missing,MISSING,Missing,MISSING,array
preferences/preferences/your_device_push_settings.json,"{'media': 'array', 'label_values': [{'label': 'string', 'timestamp_value': 'number'}], 'fbid': 'string'}",preferences,preferences,Missing,Missing,your_device_push_settings.json,label_values,label,LIST,Missing,NO LIST,Missing,MISSING,Missing,MISSING,Missing,MISSING,Missing,MISSING,Missing,MISSING,Missing,MISSING,string
preferences/preferences/your_device_push_settings.json,"{'media': 'array', 'label_values': [{'label': 'string', 'timestamp_value': 'number'}], 'fbid': 'string'}",preferences,preferences,Missing,Missing,your_device_push_settings.json,label_values,timestamp_value,LIST,Missing,NO LIST,Missing,MISSING,Missing,MISSING,Missing,MISSING,Missing,MISSING,Missing,MISSING,Missing,MISSING,number
preferences/preferences/your_device_push_settings.json,"{'media': 'array', 'label_values': [{'label': 'string', 'timestamp_value': 'number'}], 'fbid': 'string'}",preferences,preferences,Missing,Missing,your_device_push_settings.json,fbid,Missing,NO LIST,Missing,MISSING,Missing,MISSING,Missing,MISSING,Missing,MISSING,Missing,MISSING,Missing,MISSING,Missing,MISSING,string
preferences/preferences/your_story_highlights.json,"{'media': 'array', 'label_values': [{'label': 'string', 'value': 'string'}], 'fbid': 'string'}",preferences,preferences,Missing,Missing,your_story_highlights.json,media,Missing,NO LIST,Missing,MISSING,Missing,MISSING,Missing,MISSING,Missing,MISSING,Missing,MISSING,Missing,MISSING,Missing,MISSING,array
preferences/preferences/your_story_highlights.json,"{'media': 'array', 'label_values': [{'label': 'string', 'value': 'string'}], 'fbid': 'string'}",preferences,preferences,Missing,Missing,your_story_highlights.json,label_values,label,LIST,Missing,NO LIST,Missing,MISSING,Missing,MISSING,Missing,MISSING,Missing,MISSING,Missing,MISSING,Missing,MISSING,string
preferences/preferences/your_story_highlights.json,"{'media': 'array', 'label_values': [{'label': 'string', 'value': 'string'}], 'fbid': 'string'}",preferences,preferences,Missing,Missing,your_story_highlights.json,label_values,value,LIST,Missing,NO LIST,Missing,MISSING,Missing,MISSING,Missing,MISSING,Missing,MISSING,Missing,MISSING,Missing,MISSING,string
preferences/preferences/your_story_highlights.json,"{'media': 'array', 'label_values': [{'label': 'string', 'value': 'string'}], 'fbid': 'string'}",preferences,preferences,Missing,Missing,your_story_highlights.json,fbid,Missing,NO LIST,Missing,MISSING,Missing,MISSING,Missing,MISSING,Missing,MISSING,Missing,MISSING,Missing,MISSING,Missing,MISSING,string
preferences/preferences/your_facebook_story_preferences.json,"{'media': 'array', 'label_values': [{'label': 'string', 'value': 'string'}], 'fbid': 'string'}",preferences,preferences,Missing,Missing,your_facebook_story_preferences.json,media,Missing,NO LIST,Missing,MISSING,Missing,MISSING,Missing,MISSING,Missing,MISSING,Missing,MISSING,Missing,MISSING,Missing,MISSING,array
preferences/preferences/your_facebook_story_preferences.json,"{'media': 'array', 'label_values': [{'label': 'string', 'value': 'string'}], 'fbid': 'string'}",preferences,preferences,Missing,Missing,your_facebook_story_preferences.json,label_values,label,LIST,Missing,NO LIST,Missing,MISSING,Missing,MISSING,Missing,MISSING,Missing,MISSING,Missing,MISSING,Missing,MISSING,string
preferences/preferences/your_facebook_story_preferences.json,"{'media': 'array', 'label_values': [{'label': 'string', 'value': 'string'}], 'fbid': 'string'}",preferences,preferences,Missing,Missing,your_facebook_story_preferences.json,label_values,value,LIST,Missing,NO LIST,Missing,MISSING,Missing,MISSING,Missing,MISSING,Missing,MISSING,Missing,MISSING,Missing,MISSING,string
preferences/preferences/your_facebook_story_preferences.json,"{'media': 'array', 'label_values': [{'label': 'string', 'value': 'string'}], 'fbid': 'string'}",preferences,preferences,Missing,Missing,your_facebook_story_preferences.json,fbid,Missing,NO LIST,Missing,MISSING,Missing,MISSING,Missing,MISSING,Missing,MISSING,Missing,MISSING,Missing,MISSING,Missing,MISSING,string
preferences/preferences/privacy_settings.json,"{'media': 'array', 'label_values': [{'label': 'string', 'dict': [{'label': 'string', 'value': 'string'}]}], 'fbid': 'string'}",preferences,preferences,Missing,Missing,privacy_settings.json,media,Missing,NO LIST,Missing,MISSING,Missing,MISSING,Missing,MISSING,Missing,MISSING,Missing,MISSING,Missing,MISSING,Missing,MISSING,array
preferences/preferences/privacy_settings.json,"{'media': 'array', 'label_values': [{'label': 'string', 'dict': [{'label': 'string', 'value': 'string'}]}], 'fbid': 'string'}",preferences,preferences,Missing,Missing,privacy_settings.json,label_values,label,LIST,Missing,NO LIST,Missing,MISSING,Missing,MISSING,Missing,MISSING,Missing,MISSING,Missing,MISSING,Missing,MISSING,string
preferences/preferences/privacy_settings.json,"{'media': 'array', 'label_values': [{'label': 'string', 'dict': [{'label': 'string', 'value': 'string'}]}], 'fbid': 'string'}",preferences,preferences,Missing,Missing,privacy_settings.json,label_values,Missing,LIST,label,LIST,Missing,NO LIST,Missing,MISSING,Missing,MISSING,Missing,MISSING,Missing,MISSING,Missing,MISSING,string
preferences/preferences/privacy_settings.json,"{'media': 'array', 'label_values': [{'label': 'string', 'dict': [{'label': 'string', 'value': 'string'}]}], 'fbid': 'string'}",preferences,preferences,Missing,Missing,privacy_settings.json,label_values,Missing,LIST,value,LIST,Missing,NO LIST,Missing,MISSING,Missing,MISSING,Missing,MISSING,Missing,MISSING,Missing,MISSING,string
preferences/preferences/privacy_settings.json,"{'media': 'array', 'label_values': [{'label': 'string', 'dict': [{'label': 'string', 'value': 'string'}]}], 'fbid': 'string'}",preferences,preferences,Missing,Missing,privacy_settings.json,fbid,Missing,NO LIST,Missing,MISSING,Missing,MISSING,Missing,MISSING,Missing,MISSING,Missing,MISSING,Missing,MISSING,Missing,MISSING,string
preferences/preferences/your_watch_settings.json,"{'media': 'array', 'label_values': [{'label': 'string', 'value': 'string'}], 'fbid': 'string'}",preferences,preferences,Missing,Missing,your_watch_settings.json,media,Missing,NO LIST,Missing,MISSING,Missing,MISSING,Missing,MISSING,Missing,MISSING,Missing,MISSING,Missing,MISSING,Missing,MISSING,array
preferences/preferences/your_watch_settings.json,"{'media': 'array', 'label_values': [{'label': 'string', 'value': 'string'}], 'fbid': 'string'}",preferences,preferences,Missing,Missing,your_watch_settings.json,label_values,label,LIST,Missing,NO LIST,Missing,MISSING,Missing,MISSING,Missing,MISSING,Missing,MISSING,Missing,MISSING,Missing,MISSING,string
preferences/preferences/your_watch_settings.json,"{'media': 'array', 'label_values': [{'label': 'string', 'value': 'string'}], 'fbid': 'string'}",preferences,preferences,Missing,Missing,your_watch_settings.json,label_values,value,LIST,Missing,NO LIST,Missing,MISSING,Missing,MISSING,Missing,MISSING,Missing,MISSING,Missing,MISSING,Missing,MISSING,string
preferences/preferences/your_watch_settings.json,"{'media': 'array', 'label_values': [{'label': 'string', 'value': 'string'}], 'fbid': 'string'}",preferences,preferences,Missing,Missing,your_watch_settings.json,fbid,Missing,NO LIST,Missing,MISSING,Missing,MISSING,Missing,MISSING,Missing,MISSING,Missing,MISSING,Missing,MISSING,Missing,MISSING,string
preferences/preferences/language_and_locale.json,"{'language_and_locale_v2': [{'name': 'string', 'description': 'string', 'children': [{'name': 'string', 'description': 'string', 'entries': [{'data': {'value': 'string'}}]}]}]}",preferences,preferences,Missing,Missing,language_and_locale.json,language_and_locale_v2,name,LIST,Missing,NO LIST,Missing,MISSING,Missing,MISSING,Missing,MISSING,Missing,MISSING,Missing,MISSING,Missing,MISSING,string
preferences/preferences/language_and_locale.json,"{'language_and_locale_v2': [{'name': 'string', 'description': 'string', 'children': [{'name': 'string', 'description': 'string', 'entries': [{'data': {'value': 'string'}}]}]}]}",preferences,preferences,Missing,Missing,language_and_locale.json,language_and_locale_v2,description,LIST,Missing,NO LIST,Missing,MISSING,Missing,MISSING,Missing,MISSING,Missing,MISSING,Missing,MISSING,Missing,MISSING,string
preferences/preferences/language_and_locale.json,"{'language_and_locale_v2': [{'name': 'string', 'description': 'string', 'children': [{'name': 'string', 'description': 'string', 'entries': [{'data': {'value': 'string'}}]}]}]}",preferences,preferences,Missing,Missing,language_and_locale.json,language_and_locale_v2,children,LIST,name,LIST,Missing,NO LIST,Missing,MISSING,Missing,MISSING,Missing,MISSING,Missing,MISSING,Missing,MISSING,string
preferences/preferences/language_and_locale.json,"{'language_and_locale_v2': [{'name': 'string', 'description': 'string', 'children': [{'name': 'string', 'description': 'string', 'entries': [{'data': {'value': 'string'}}]}]}]}",preferences,preferences,Missing,Missing,language_and_locale.json,language_and_locale_v2,children,LIST,description,LIST,Missing,NO LIST,Missing,MISSING,Missing,MISSING,Missing,MISSING,Missing,MISSING,Missing,MISSING,string
preferences/preferences/language_and_locale.json,"{'language_and_locale_v2': [{'name': 'string', 'description': 'string', 'children': [{'name': 'string', 'description': 'string', 'entries': [{'data': {'value': 'string'}}]}]}]}",preferences,preferences,Missing,Missing,language_and_locale.json,language_and_locale_v2,children,LIST,entries,LIST,data,LIST,value,NO LIST,Missing,NO LIST,Missing,MISSING,Missing,MISSING,Missing,MISSING,string
security_and_login_information/your_recent_account_recovery_successes.json,"{'media': 'array', 'label_values': [{'label': 'string', 'timestamp_value': 'number'}], 'fbid': 'string'}",security_and_login_information,Missing,Missing,Missing,your_recent_account_recovery_successes.json,media,Missing,NO LIST,Missing,MISSING,Missing,MISSING,Missing,MISSING,Missing,MISSING,Missing,MISSING,Missing,MISSING,Missing,MISSING,array
security_and_login_information/your_recent_account_recovery_successes.json,"{'media': 'array', 'label_values': [{'label': 'string', 'timestamp_value': 'number'}], 'fbid': 'string'}",security_and_login_information,Missing,Missing,Missing,your_recent_account_recovery_successes.json,label_values,label,LIST,Missing,NO LIST,Missing,MISSING,Missing,MISSING,Missing,MISSING,Missing,MISSING,Missing,MISSING,Missing,MISSING,string
security_and_login_information/your_recent_account_recovery_successes.json,"{'media': 'array', 'label_values': [{'label': 'string', 'timestamp_value': 'number'}], 'fbid': 'string'}",security_and_login_information,Missing,Missing,Missing,your_recent_account_recovery_successes.json,label_values,timestamp_value,LIST,Missing,NO LIST,Missing,MISSING,Missing,MISSING,Missing,MISSING,Missing,MISSING,Missing,MISSING,Missing,MISSING,number
security_and_login_information/your_recent_account_recovery_successes.json,"{'media': 'array', 'label_values': [{'label': 'string', 'timestamp_value': 'number'}], 'fbid': 'string'}",security_and_login_information,Missing,Missing,Missing,your_recent_account_recovery_successes.json,fbid,Missing,NO LIST,Missing,MISSING,Missing,MISSING,Missing,MISSING,Missing,MISSING,Missing,MISSING,Missing,MISSING,Missing,MISSING,string
security_and_login_information/device_login_cookies.json,"{'media': 'array', 'label_values': [{'label': 'string', 'timestamp_value': 'number'}], 'fbid': 'string'}",security_and_login_information,Missing,Missing,Missing,device_login_cookies.json,media,Missing,NO LIST,Missing,MISSING,Missing,MISSING,Missing,MISSING,Missing,MISSING,Missing,MISSING,Missing,MISSING,Missing,MISSING,array
security_and_login_information/device_login_cookies.json,"{'media': 'array', 'label_values': [{'label': 'string', 'timestamp_value': 'number'}], 'fbid': 'string'}",security_and_login_information,Missing,Missing,Missing,device_login_cookies.json,label_values,label,LIST,Missing,NO LIST,Missing,MISSING,Missing,MISSING,Missing,MISSING,Missing,MISSING,Missing,MISSING,Missing,MISSING,string
security_and_login_information/device_login_cookies.json,"{'media': 'array', 'label_values': [{'label': 'string', 'timestamp_value': 'number'}], 'fbid': 'string'}",security_and_login_information,Missing,Missing,Missing,device_login_cookies.json,label_values,timestamp_value,LIST,Missing,NO LIST,Missing,MISSING,Missing,MISSING,Missing,MISSING,Missing,MISSING,Missing,MISSING,Missing,MISSING,number
security_and_login_information/device_login_cookies.json,"{'media': 'array', 'label_values': [{'label': 'string', 'timestamp_value': 'number'}], 'fbid': 'string'}",security_and_login_information,Missing,Missing,Missing,device_login_cookies.json,fbid,Missing,NO LIST,Missing,MISSING,Missing,MISSING,Missing,MISSING,Missing,MISSING,Missing,MISSING,Missing,MISSING,Missing,MISSING,string
security_and_login_information/information_about_your_last_login.json,"{'media': 'array', 'label_values': [{'label': 'string', 'timestamp_value': 'number'}], 'fbid': 'string'}",security_and_login_information,Missing,Missing,Missing,information_about_your_last_login.json,media,Missing,NO LIST,Missing,MISSING,Missing,MISSING,Missing,MISSING,Missing,MISSING,Missing,MISSING,Missing,MISSING,Missing,MISSING,array
security_and_login_information/information_about_your_last_login.json,"{'media': 'array', 'label_values': [{'label': 'string', 'timestamp_value': 'number'}], 'fbid': 'string'}",security_and_login_information,Missing,Missing,Missing,information_about_your_last_login.json,label_values,label,LIST,Missing,NO LIST,Missing,MISSING,Missing,MISSING,Missing,MISSING,Missing,MISSING,Missing,MISSING,Missing,MISSING,string
security_and_login_information/information_about_your_last_login.json,"{'media': 'array', 'label_values': [{'label': 'string', 'timestamp_value': 'number'}], 'fbid': 'string'}",security_and_login_information,Missing,Missing,Missing,information_about_your_last_login.json,label_values,timestamp_value,LIST,Missing,NO LIST,Missing,MISSING,Missing,MISSING,Missing,MISSING,Missing,MISSING,Missing,MISSING,Missing,MISSING,number
security_and_login_information/information_about_your_last_login.json,"{'media': 'array', 'label_values': [{'label': 'string', 'timestamp_value': 'number'}], 'fbid': 'string'}",security_and_login_information,Missing,Missing,Missing,information_about_your_last_login.json,fbid,Missing,NO LIST,Missing,MISSING,Missing,MISSING,Missing,MISSING,Missing,MISSING,Missing,MISSING,Missing,MISSING,Missing,MISSING,string
security_and_login_information/two-factor_authentication.json,"{'media': 'array', 'label_values': [{'label': 'string', 'value': 'string'}], 'fbid': 'string'}",security_and_login_information,Missing,Missing,Missing,two-factor_authentication.json,media,Missing,NO LIST,Missing,MISSING,Missing,MISSING,Missing,MISSING,Missing,MISSING,Missing,MISSING,Missing,MISSING,Missing,MISSING,array
security_and_login_information/two-factor_authentication.json,"{'media': 'array', 'label_values': [{'label': 'string', 'value': 'string'}], 'fbid': 'string'}",security_and_login_information,Missing,Missing,Missing,two-factor_authentication.json,label_values,label,LIST,Missing,NO LIST,Missing,MISSING,Missing,MISSING,Missing,MISSING,Missing,MISSING,Missing,MISSING,Missing,MISSING,string
security_and_login_information/two-factor_authentication.json,"{'media': 'array', 'label_values': [{'label': 'string', 'value': 'string'}], 'fbid': 'string'}",security_and_login_information,Missing,Missing,Missing,two-factor_authentication.json,label_values,value,LIST,Missing,NO LIST,Missing,MISSING,Missing,MISSING,Missing,MISSING,Missing,MISSING,Missing,MISSING,Missing,MISSING,string
security_and_login_information/two-factor_authentication.json,"{'media': 'array', 'label_values': [{'label': 'string', 'value': 'string'}], 'fbid': 'string'}",security_and_login_information,Missing,Missing,Missing,two-factor_authentication.json,fbid,Missing,NO LIST,Missing,MISSING,Missing,MISSING,Missing,MISSING,Missing,MISSING,Missing,MISSING,Missing,MISSING,Missing,MISSING,string
security_and_login_information/ip_address_activity.json,"{'used_ip_address_v2': [{'ip': 'string', 'action': 'string', 'timestamp': 'number', 'user_agent': 'string'}]}",security_and_login_information,Missing,Missing,Missing,ip_address_activity.json,used_ip_address_v2,ip,LIST,Missing,NO LIST,Missing,MISSING,Missing,MISSING,Missing,MISSING,Missing,MISSING,Missing,MISSING,Missing,MISSING,string
security_and_login_information/ip_address_activity.json,"{'used_ip_address_v2': [{'ip': 'string', 'action': 'string', 'timestamp': 'number', 'user_agent': 'string'}]}",security_and_login_information,Missing,Missing,Missing,ip_address_activity.json,used_ip_address_v2,action,LIST,Missing,NO LIST,Missing,MISSING,Missing,MISSING,Missing,MISSING,Missing,MISSING,Missing,MISSING,Missing,MISSING,string
security_and_login_information/ip_address_activity.json,"{'used_ip_address_v2': [{'ip': 'string', 'action': 'string', 'timestamp': 'number', 'user_agent': 'string'}]}",security_and_login_information,Missing,Missing,Missing,ip_address_activity.json,used_ip_address_v2,timestamp,LIST,Missing,NO LIST,Missing,MISSING,Missing,MISSING,Missing,MISSING,Missing,MISSING,Missing,MISSING,Missing,MISSING,number
security_and_login_information/ip_address_activity.json,"{'used_ip_address_v2': [{'ip': 'string', 'action': 'string', 'timestamp': 'number', 'user_agent': 'string'}]}",security_and_login_information,Missing,Missing,Missing,ip_address_activity.json,used_ip_address_v2,user_agent,LIST,Missing,NO LIST,Missing,MISSING,Missing,MISSING,Missing,MISSING,Missing,MISSING,Missing,MISSING,Missing,MISSING,string
security_and_login_information/browser_cookies.json,"{'datr_stats_v2': {'Nf-T********************': ['number'], 'yLaM********************': ['number'], 'F_DI********************': ['number'], 'Qrjl********************': ['number'], 'eAJa********************': ['number'], 'iDMA********************': ['number'], 'S3EK********************': ['number'], '4KuC********************': ['number']}}",security_and_login_information,Missing,Missing,Missing,browser_cookies.json,datr_stats_v2,Nf-T********************,NO LIST,Missing,LIST,Missing,MISSING,Missing,MISSING,Missing,MISSING,Missing,MISSING,Missing,MISSING,Missing,MISSING,number
security_and_login_information/browser_cookies.json,"{'datr_stats_v2': {'Nf-T********************': ['number'], 'yLaM********************': ['number'], 'F_DI********************': ['number'], 'Qrjl********************': ['number'], 'eAJa********************': ['number'], 'iDMA********************': ['number'], 'S3EK********************': ['number'], '4KuC********************': ['number']}}",security_and_login_information,Missing,Missing,Missing,browser_cookies.json,datr_stats_v2,yLaM********************,NO LIST,Missing,LIST,Missing,MISSING,Missing,MISSING,Missing,MISSING,Missing,MISSING,Missing,MISSING,Missing,MISSING,number
security_and_login_information/browser_cookies.json,"{'datr_stats_v2': {'Nf-T********************': ['number'], 'yLaM********************': ['number'], 'F_DI********************': ['number'], 'Qrjl********************': ['number'], 'eAJa********************': ['number'], 'iDMA********************': ['number'], 'S3EK********************': ['number'], '4KuC********************': ['number']}}",security_and_login_information,Missing,Missing,Missing,browser_cookies.json,datr_stats_v2,F_DI********************,NO LIST,Missing,LIST,Missing,MISSING,Missing,MISSING,Missing,MISSING,Missing,MISSING,Missing,MISSING,Missing,MISSING,number
security_and_login_information/browser_cookies.json,"{'datr_stats_v2': {'Nf-T********************': ['number'], 'yLaM********************': ['number'], 'F_DI********************': ['number'], 'Qrjl********************': ['number'], 'eAJa********************': ['number'], 'iDMA********************': ['number'], 'S3EK********************': ['number'], '4KuC********************': ['number']}}",security_and_login_information,Missing,Missing,Missing,browser_cookies.json,datr_stats_v2,Qrjl********************,NO LIST,Missing,LIST,Missing,MISSING,Missing,MISSING,Missing,MISSING,Missing,MISSING,Missing,MISSING,Missing,MISSING,number
security_and_login_information/browser_cookies.json,"{'datr_stats_v2': {'Nf-T********************': ['number'], 'yLaM********************': ['number'], 'F_DI********************': ['number'], 'Qrjl********************': ['number'], 'eAJa********************': ['number'], 'iDMA********************': ['number'], 'S3EK********************': ['number'], '4KuC********************': ['number']}}",security_and_login_information,Missing,Missing,Missing,browser_cookies.json,datr_stats_v2,eAJa********************,NO LIST,Missing,LIST,Missing,MISSING,Missing,MISSING,Missing,MISSING,Missing,MISSING,Missing,MISSING,Missing,MISSING,number
security_and_login_information/browser_cookies.json,"{'datr_stats_v2': {'Nf-T********************': ['number'], 'yLaM********************': ['number'], 'F_DI********************': ['number'], 'Qrjl********************': ['number'], 'eAJa********************': ['number'], 'iDMA********************': ['number'], 'S3EK********************': ['number'], '4KuC********************': ['number']}}",security_and_login_information,Missing,Missing,Missing,browser_cookies.json,datr_stats_v2,iDMA********************,NO LIST,Missing,LIST,Missing,MISSING,Missing,MISSING,Missing,MISSING,Missing,MISSING,Missing,MISSING,Missing,MISSING,number
security_and_login_information/browser_cookies.json,"{'datr_stats_v2': {'Nf-T********************': ['number'], 'yLaM********************': ['number'], 'F_DI********************': ['number'], 'Qrjl********************': ['number'], 'eAJa********************': ['number'], 'iDMA********************': ['number'], 'S3EK********************': ['number'], '4KuC********************': ['number']}}",security_and_login_information,Missing,Missing,Missing,browser_cookies.json,datr_stats_v2,S3EK********************,NO LIST,Missing,LIST,Missing,MISSING,Missing,MISSING,Missing,MISSING,Missing,MISSING,Missing,MISSING,Missing,MISSING,number
security_and_login_information/browser_cookies.json,"{'datr_stats_v2': {'Nf-T********************': ['number'], 'yLaM********************': ['number'], 'F_DI********************': ['number'], 'Qrjl********************': ['number'], 'eAJa********************': ['number'], 'iDMA********************': ['number'], 'S3EK********************': ['number'], '4KuC********************': ['number']}}",security_and_login_information,Missing,Missing,Missing,browser_cookies.json,datr_stats_v2,4KuC********************,NO LIST,Missing,LIST,Missing,MISSING,Missing,MISSING,Missing,MISSING,Missing,MISSING,Missing,MISSING,Missing,MISSING,number
security_and_login_information/record_details.json,"{'admin_records_v2': [{'event': 'string', 'session': {'created_timestamp': 'number', 'user_agent': 'string', 'datr_cookie': 'string'}}]}",security_and_login_information,Missing,Missing,Missing,record_details.json,admin_records_v2,event,LIST,Missing,NO LIST,Missing,MISSING,Missing,MISSING,Missing,MISSING,Missing,MISSING,Missing,MISSING,Missing,MISSING,string
security_and_login_information/record_details.json,"{'admin_records_v2': [{'event': 'string', 'session': {'created_timestamp': 'number', 'user_agent': 'string', 'datr_cookie': 'string'}}]}",security_and_login_information,Missing,Missing,Missing,record_details.json,admin_records_v2,session,LIST,created_timestamp,NO LIST,Missing,NO LIST,Missing,MISSING,Missing,MISSING,Missing,MISSING,Missing,MISSING,Missing,MISSING,number
security_and_login_information/record_details.json,"{'admin_records_v2': [{'event': 'string', 'session': {'created_timestamp': 'number', 'user_agent': 'string', 'datr_cookie': 'string'}}]}",security_and_login_information,Missing,Missing,Missing,record_details.json,admin_records_v2,session,LIST,user_agent,NO LIST,Missing,NO LIST,Missing,MISSING,Missing,MISSING,Missing,MISSING,Missing,MISSING,Missing,MISSING,string
security_and_login_information/record_details.json,"{'admin_records_v2': [{'event': 'string', 'session': {'created_timestamp': 'number', 'user_agent': 'string', 'datr_cookie': 'string'}}]}",security_and_login_information,Missing,Missing,Missing,record_details.json,admin_records_v2,session,LIST,datr_cookie,NO LIST,Missing,NO LIST,Missing,MISSING,Missing,MISSING,Missing,MISSING,Missing,MISSING,Missing,MISSING,string
security_and_login_information/mobile_devices.json,"{'devices_v2': [{'type': 'string', 'os': 'string', 'update_time': 'number', 'advertiser_id': 'string', 'udid': 'string', 'family_device_id': 'string', 'device_locale': 'string'}]}",security_and_login_information,Missing,Missing,Missing,mobile_devices.json,devices_v2,type,LIST,Missing,NO LIST,Missing,MISSING,Missing,MISSING,Missing,MISSING,Missing,MISSING,Missing,MISSING,Missing,MISSING,string
security_and_login_information/mobile_devices.json,"{'devices_v2': [{'type': 'string', 'os': 'string', 'update_time': 'number', 'advertiser_id': 'string', 'udid': 'string', 'family_device_id': 'string', 'device_locale': 'string'}]}",security_and_login_information,Missing,Missing,Missing,mobile_devices.json,devices_v2,os,LIST,Missing,NO LIST,Missing,MISSING,Missing,MISSING,Missing,MISSING,Missing,MISSING,Missing,MISSING,Missing,MISSING,string
security_and_login_information/mobile_devices.json,"{'devices_v2': [{'type': 'string', 'os': 'string', 'update_time': 'number', 'advertiser_id': 'string', 'udid': 'string', 'family_device_id': 'string', 'device_locale': 'string'}]}",security_and_login_information,Missing,Missing,Missing,mobile_devices.json,devices_v2,update_time,LIST,Missing,NO LIST,Missing,MISSING,Missing,MISSING,Missing,MISSING,Missing,MISSING,Missing,MISSING,Missing,MISSING,number
security_and_login_information/mobile_devices.json,"{'devices_v2': [{'type': 'string', 'os': 'string', 'update_time': 'number', 'advertiser_id': 'string', 'udid': 'string', 'family_device_id': 'string', 'device_locale': 'string'}]}",security_and_login_information,Missing,Missing,Missing,mobile_devices.json,devices_v2,advertiser_id,LIST,Missing,NO LIST,Missing,MISSING,Missing,MISSING,Missing,MISSING,Missing,MISSING,Missing,MISSING,Missing,MISSING,string
security_and_login_information/mobile_devices.json,"{'devices_v2': [{'type': 'string', 'os': 'string', 'update_time': 'number', 'advertiser_id': 'string', 'udid': 'string', 'family_device_id': 'string', 'device_locale': 'string'}]}",security_and_login_information,Missing,Missing,Missing,mobile_devices.json,devices_v2,udid,LIST,Missing,NO LIST,Missing,MISSING,Missing,MISSING,Missing,MISSING,Missing,MISSING,Missing,MISSING,Missing,MISSING,string
security_and_login_information/mobile_devices.json,"{'devices_v2': [{'type': 'string', 'os': 'string', 'update_time': 'number', 'advertiser_id': 'string', 'udid': 'string', 'family_device_id': 'string', 'device_locale': 'string'}]}",security_and_login_information,Missing,Missing,Missing,mobile_devices.json,devices_v2,family_device_id,LIST,Missing,NO LIST,Missing,MISSING,Missing,MISSING,Missing,MISSING,Missing,MISSING,Missing,MISSING,Missing,MISSING,string
security_and_login_information/mobile_devices.json,"{'devices_v2': [{'type': 'string', 'os': 'string', 'update_time': 'number', 'advertiser_id': 'string', 'udid': 'string', 'family_device_id': 'string', 'device_locale': 'string'}]}",security_and_login_information,Missing,Missing,Missing,mobile_devices.json,devices_v2,device_locale,LIST,Missing,NO LIST,Missing,MISSING,Missing,MISSING,Missing,MISSING,Missing,MISSING,Missing,MISSING,Missing,MISSING,string
security_and_login_information/recognized_devices.json,"{'recognized_devices_v2': [{'name': 'string', 'created_timestamp': 'number', 'ip_address': 'string', 'user_agent': 'string', 'datr_cookie': 'string'}]}",security_and_login_information,Missing,Missing,Missing,recognized_devices.json,recognized_devices_v2,name,LIST,Missing,NO LIST,Missing,MISSING,Missing,MISSING,Missing,MISSING,Missing,MISSING,Missing,MISSING,Missing,MISSING,string
security_and_login_information/recognized_devices.json,"{'recognized_devices_v2': [{'name': 'string', 'created_timestamp': 'number', 'ip_address': 'string', 'user_agent': 'string', 'datr_cookie': 'string'}]}",security_and_login_information,Missing,Missing,Missing,recognized_devices.json,recognized_devices_v2,created_timestamp,LIST,Missing,NO LIST,Missing,MISSING,Missing,MISSING,Missing,MISSING,Missing,MISSING,Missing,MISSING,Missing,MISSING,number
security_and_login_information/recognized_devices.json,"{'recognized_devices_v2': [{'name': 'string', 'created_timestamp': 'number', 'ip_address': 'string', 'user_agent': 'string', 'datr_cookie': 'string'}]}",security_and_login_information,Missing,Missing,Missing,recognized_devices.json,recognized_devices_v2,ip_address,LIST,Missing,NO LIST,Missing,MISSING,Missing,MISSING,Missing,MISSING,Missing,MISSING,Missing,MISSING,Missing,MISSING,string
security_and_login_information/recognized_devices.json,"{'recognized_devices_v2': [{'name': 'string', 'created_timestamp': 'number', 'ip_address': 'string', 'user_agent': 'string', 'datr_cookie': 'string'}]}",security_and_login_information,Missing,Missing,Missing,recognized_devices.json,recognized_devices_v2,user_agent,LIST,Missing,NO LIST,Missing,MISSING,Missing,MISSING,Missing,MISSING,Missing,MISSING,Missing,MISSING,Missing,MISSING,string
security_and_login_information/recognized_devices.json,"{'recognized_devices_v2': [{'name': 'string', 'created_timestamp': 'number', 'ip_address': 'string', 'user_agent': 'string', 'datr_cookie': 'string'}]}",security_and_login_information,Missing,Missing,Missing,recognized_devices.json,recognized_devices_v2,datr_cookie,LIST,Missing,NO LIST,Missing,MISSING,Missing,MISSING,Missing,MISSING,Missing,MISSING,Missing,MISSING,Missing,MISSING,string
security_and_login_information/where_you're_logged_in.json,"{'active_sessions_v2': [{'created_timestamp': 'number', 'updated_timestamp': 'number', 'ip_address': 'string', 'user_agent': 'string', 'datr_cookie': 'string', 'device': 'string', 'location': 'string', 'app': 'string', 'session_type': 'string'}]}",security_and_login_information,Missing,Missing,Missing,where_you're_logged_in.json,active_sessions_v2,created_timestamp,LIST,Missing,NO LIST,Missing,MISSING,Missing,MISSING,Missing,MISSING,Missing,MISSING,Missing,MISSING,Missing,MISSING,number
security_and_login_information/where_you're_logged_in.json,"{'active_sessions_v2': [{'created_timestamp': 'number', 'updated_timestamp': 'number', 'ip_address': 'string', 'user_agent': 'string', 'datr_cookie': 'string', 'device': 'string', 'location': 'string', 'app': 'string', 'session_type': 'string'}]}",security_and_login_information,Missing,Missing,Missing,where_you're_logged_in.json,active_sessions_v2,updated_timestamp,LIST,Missing,NO LIST,Missing,MISSING,Missing,MISSING,Missing,MISSING,Missing,MISSING,Missing,MISSING,Missing,MISSING,number
security_and_login_information/where_you're_logged_in.json,"{'active_sessions_v2': [{'created_timestamp': 'number', 'updated_timestamp': 'number', 'ip_address': 'string', 'user_agent': 'string', 'datr_cookie': 'string', 'device': 'string', 'location': 'string', 'app': 'string', 'session_type': 'string'}]}",security_and_login_information,Missing,Missing,Missing,where_you're_logged_in.json,active_sessions_v2,ip_address,LIST,Missing,NO LIST,Missing,MISSING,Missing,MISSING,Missing,MISSING,Missing,MISSING,Missing,MISSING,Missing,MISSING,string
security_and_login_information/where_you're_logged_in.json,"{'active_sessions_v2': [{'created_timestamp': 'number', 'updated_timestamp': 'number', 'ip_address': 'string', 'user_agent': 'string', 'datr_cookie': 'string', 'device': 'string', 'location': 'string', 'app': 'string', 'session_type': 'string'}]}",security_and_login_information,Missing,Missing,Missing,where_you're_logged_in.json,active_sessions_v2,user_agent,LIST,Missing,NO LIST,Missing,MISSING,Missing,MISSING,Missing,MISSING,Missing,MISSING,Missing,MISSING,Missing,MISSING,string
security_and_login_information/where_you're_logged_in.json,"{'active_sessions_v2': [{'created_timestamp': 'number', 'updated_timestamp': 'number', 'ip_address': 'string', 'user_agent': 'string', 'datr_cookie': 'string', 'device': 'string', 'location': 'string', 'app': 'string', 'session_type': 'string'}]}",security_and_login_information,Missing,Missing,Missing,where_you're_logged_in.json,active_sessions_v2,datr_cookie,LIST,Missing,NO LIST,Missing,MISSING,Missing,MISSING,Missing,MISSING,Missing,MISSING,Missing,MISSING,Missing,MISSING,string
security_and_login_information/where_you're_logged_in.json,"{'active_sessions_v2': [{'created_timestamp': 'number', 'updated_timestamp': 'number', 'ip_address': 'string', 'user_agent': 'string', 'datr_cookie': 'string', 'device': 'string', 'location': 'string', 'app': 'string', 'session_type': 'string'}]}",security_and_login_information,Missing,Missing,Missing,where_you're_logged_in.json,active_sessions_v2,device,LIST,Missing,NO LIST,Missing,MISSING,Missing,MISSING,Missing,MISSING,Missing,MISSING,Missing,MISSING,Missing,MISSING,string
security_and_login_information/where_you're_logged_in.json,"{'active_sessions_v2': [{'created_timestamp': 'number', 'updated_timestamp': 'number', 'ip_address': 'string', 'user_agent': 'string', 'datr_cookie': 'string', 'device': 'string', 'location': 'string', 'app': 'string', 'session_type': 'string'}]}",security_and_login_information,Missing,Missing,Missing,where_you're_logged_in.json,active_sessions_v2,location,LIST,Missing,NO LIST,Missing,MISSING,Missing,MISSING,Missing,MISSING,Missing,MISSING,Missing,MISSING,Missing,MISSING,string
security_and_login_information/where_you're_logged_in.json,"{'active_sessions_v2': [{'created_timestamp': 'number', 'updated_timestamp': 'number', 'ip_address': 'string', 'user_agent': 'string', 'datr_cookie': 'string', 'device': 'string', 'location': 'string', 'app': 'string', 'session_type': 'string'}]}",security_and_login_information,Missing,Missing,Missing,where_you're_logged_in.json,active_sessions_v2,app,LIST,Missing,NO LIST,Missing,MISSING,Missing,MISSING,Missing,MISSING,Missing,MISSING,Missing,MISSING,Missing,MISSING,string
security_and_login_information/where_you're_logged_in.json,"{'active_sessions_v2': [{'created_timestamp': 'number', 'updated_timestamp': 'number', 'ip_address': 'string', 'user_agent': 'string', 'datr_cookie': 'string', 'device': 'string', 'location': 'string', 'app': 'string', 'session_type': 'string'}]}",security_and_login_information,Missing,Missing,Missing,where_you're_logged_in.json,active_sessions_v2,session_type,LIST,Missing,NO LIST,Missing,MISSING,Missing,MISSING,Missing,MISSING,Missing,MISSING,Missing,MISSING,Missing,MISSING,string
security_and_login_information/logins_and_logouts.json,"{'account_accesses_v2': [{'action': 'string', 'timestamp': 'number', 'site': 'string', 'ip_address': 'string'}]}",security_and_login_information,Missing,Missing,Missing,logins_and_logouts.json,account_accesses_v2,action,LIST,Missing,NO LIST,Missing,MISSING,Missing,MISSING,Missing,MISSING,Missing,MISSING,Missing,MISSING,Missing,MISSING,string
security_and_login_information/logins_and_logouts.json,"{'account_accesses_v2': [{'action': 'string', 'timestamp': 'number', 'site': 'string', 'ip_address': 'string'}]}",security_and_login_information,Missing,Missing,Missing,logins_and_logouts.json,account_accesses_v2,timestamp,LIST,Missing,NO LIST,Missing,MISSING,Missing,MISSING,Missing,MISSING,Missing,MISSING,Missing,MISSING,Missing,MISSING,number
security_and_login_information/logins_and_logouts.json,"{'account_accesses_v2': [{'action': 'string', 'timestamp': 'number', 'site': 'string', 'ip_address': 'string'}]}",security_and_login_information,Missing,Missing,Missing,logins_and_logouts.json,account_accesses_v2,site,LIST,Missing,NO LIST,Missing,MISSING,Missing,MISSING,Missing,MISSING,Missing,MISSING,Missing,MISSING,Missing,MISSING,string
security_and_login_information/logins_and_logouts.json,"{'account_accesses_v2': [{'action': 'string', 'timestamp': 'number', 'site': 'string', 'ip_address': 'string'}]}",security_and_login_information,Missing,Missing,Missing,logins_and_logouts.json,account_accesses_v2,ip_address,LIST,Missing,NO LIST,Missing,MISSING,Missing,MISSING,Missing,MISSING,Missing,MISSING,Missing,MISSING,Missing,MISSING,string
security_and_login_information/email_address_verifications.json,"{'contact_verifications_v2': [{'contact': 'string', 'contact_type': 'number', 'verification_time': 'number'}]}",security_and_login_information,Missing,Missing,Missing,email_address_verifications.json,contact_verifications_v2,contact,LIST,Missing,NO LIST,Missing,MISSING,Missing,MISSING,Missing,MISSING,Missing,MISSING,Missing,MISSING,Missing,MISSING,string
security_and_login_information/email_address_verifications.json,"{'contact_verifications_v2': [{'contact': 'string', 'contact_type': 'number', 'verification_time': 'number'}]}",security_and_login_information,Missing,Missing,Missing,email_address_verifications.json,contact_verifications_v2,contact_type,LIST,Missing,NO LIST,Missing,MISSING,Missing,MISSING,Missing,MISSING,Missing,MISSING,Missing,MISSING,Missing,MISSING,number
security_and_login_information/email_address_verifications.json,"{'contact_verifications_v2': [{'contact': 'string', 'contact_type': 'number', 'verification_time': 'number'}]}",security_and_login_information,Missing,Missing,Missing,email_address_verifications.json,contact_verifications_v2,verification_time,LIST,Missing,NO LIST,Missing,MISSING,Missing,MISSING,Missing,MISSING,Missing,MISSING,Missing,MISSING,Missing,MISSING,number
logged_information/notifications/notifications.json,"{'notifications_v2': [{'timestamp': 'number', 'unread': 'boolean', 'href': 'string', 'text': 'string'}]}",logged_information,notifications,Missing,Missing,notifications.json,notifications_v2,timestamp,LIST,Missing,NO LIST,Missing,MISSING,Missing,MISSING,Missing,MISSING,Missing,MISSING,Missing,MISSING,Missing,MISSING,number
logged_information/notifications/notifications.json,"{'notifications_v2': [{'timestamp': 'number', 'unread': 'boolean', 'href': 'string', 'text': 'string'}]}",logged_information,notifications,Missing,Missing,notifications.json,notifications_v2,unread,LIST,Missing,NO LIST,Missing,MISSING,Missing,MISSING,Missing,MISSING,Missing,MISSING,Missing,MISSING,Missing,MISSING,boolean
logged_information/notifications/notifications.json,"{'notifications_v2': [{'timestamp': 'number', 'unread': 'boolean', 'href': 'string', 'text': 'string'}]}",logged_information,notifications,Missing,Missing,notifications.json,notifications_v2,href,LIST,Missing,NO LIST,Missing,MISSING,Missing,MISSING,Missing,MISSING,Missing,MISSING,Missing,MISSING,Missing,MISSING,string
logged_information/notifications/notifications.json,"{'notifications_v2': [{'timestamp': 'number', 'unread': 'boolean', 'href': 'string', 'text': 'string'}]}",logged_information,notifications,Missing,Missing,notifications.json,notifications_v2,text,LIST,Missing,NO LIST,Missing,MISSING,Missing,MISSING,Missing,MISSING,Missing,MISSING,Missing,MISSING,Missing,MISSING,string
your_facebook_activity/comments_and_reactions/likes_and_reactions.json,"{'timestamp': 'number', 'media': 'array', 'label_values': [{'label': 'string', 'value': 'string'}], 'fbid': 'string'}",your_facebook_activity,comments_and_reactions,Missing,Missing,likes_and_reactions.json,timestamp,Missing,NO LIST,Missing,MISSING,Missing,MISSING,Missing,MISSING,Missing,MISSING,Missing,MISSING,Missing,MISSING,Missing,MISSING,number
your_facebook_activity/comments_and_reactions/likes_and_reactions.json,"{'timestamp': 'number', 'media': 'array', 'label_values': [{'label': 'string', 'value': 'string'}], 'fbid': 'string'}",your_facebook_activity,comments_and_reactions,Missing,Missing,likes_and_reactions.json,media,Missing,NO LIST,Missing,MISSING,Missing,MISSING,Missing,MISSING,Missing,MISSING,Missing,MISSING,Missing,MISSING,Missing,MISSING,array
your_facebook_activity/comments_and_reactions/likes_and_reactions.json,"{'timestamp': 'number', 'media': 'array', 'label_values': [{'label': 'string', 'value': 'string'}], 'fbid': 'string'}",your_facebook_activity,comments_and_reactions,Missing,Missing,likes_and_reactions.json,label_values,label,LIST,Missing,NO LIST,Missing,MISSING,Missing,MISSING,Missing,MISSING,Missing,MISSING,Missing,MISSING,Missing,MISSING,string
your_facebook_activity/comments_and_reactions/likes_and_reactions.json,"{'timestamp': 'number', 'media': 'array', 'label_values': [{'label': 'string', 'value': 'string'}], 'fbid': 'string'}",your_facebook_activity,comments_and_reactions,Missing,Missing,likes_and_reactions.json,label_values,value,LIST,Missing,NO LIST,Missing,MISSING,Missing,MISSING,Missing,MISSING,Missing,MISSING,Missing,MISSING,Missing,MISSING,string
your_facebook_activity/comments_and_reactions/likes_and_reactions.json,"{'timestamp': 'number', 'media': 'array', 'label_values': [{'label': 'string', 'value': 'string'}], 'fbid': 'string'}",your_facebook_activity,comments_and_reactions,Missing,Missing,likes_and_reactions.json,fbid,Missing,NO LIST,Missing,MISSING,Missing,MISSING,Missing,MISSING,Missing,MISSING,Missing,MISSING,Missing,MISSING,Missing,MISSING,string
your_facebook_activity/navigation_bar/device_navigation_bar_information.json,"{'media': 'array', 'label_values': [{'label': 'string', 'vec': [{'dict': [{'label': 'string', 'value': 'string'}]}]}], 'fbid': 'string'}",your_facebook_activity,navigation_bar,Missing,Missing,device_navigation_bar_information.json,media,Missing,NO LIST,Missing,MISSING,Missing,MISSING,Missing,MISSING,Missing,MISSING,Missing,MISSING,Missing,MISSING,Missing,MISSING,array
your_facebook_activity/navigation_bar/device_navigation_bar_information.json,"{'media': 'array', 'label_values': [{'label': 'string', 'vec': [{'dict': [{'label': 'string', 'value': 'string'}]}]}], 'fbid': 'string'}",your_facebook_activity,navigation_bar,Missing,Missing,device_navigation_bar_information.json,label_values,label,LIST,Missing,NO LIST,Missing,MISSING,Missing,MISSING,Missing,MISSING,Missing,MISSING,Missing,MISSING,Missing,MISSING,string
your_facebook_activity/navigation_bar/device_navigation_bar_information.json,"{'media': 'array', 'label_values': [{'label': 'string', 'vec': [{'dict': [{'label': 'string', 'value': 'string'}]}]}], 'fbid': 'string'}",your_facebook_activity,navigation_bar,Missing,Missing,device_navigation_bar_information.json,label_values,vec,LIST,Missing,LIST,label,LIST,Missing,NO LIST,Missing,MISSING,Missing,MISSING,Missing,MISSING,Missing,MISSING,string
your_facebook_activity/navigation_bar/device_navigation_bar_information.json,"{'media': 'array', 'label_values': [{'label': 'string', 'vec': [{'dict': [{'label': 'string', 'value': 'string'}]}]}], 'fbid': 'string'}",your_facebook_activity,navigation_bar,Missing,Missing,device_navigation_bar_information.json,label_values,vec,LIST,Missing,LIST,value,LIST,Missing,NO LIST,Missing,MISSING,Missing,MISSING,Missing,MISSING,Missing,MISSING,string
your_facebook_activity/navigation_bar/device_navigation_bar_information.json,"{'media': 'array', 'label_values': [{'label': 'string', 'vec': [{'dict': [{'label': 'string', 'value': 'string'}]}]}], 'fbid': 'string'}",your_facebook_activity,navigation_bar,Missing,Missing,device_navigation_bar_information.json,fbid,Missing,NO LIST,Missing,MISSING,Missing,MISSING,Missing,MISSING,Missing,MISSING,Missing,MISSING,Missing,MISSING,Missing,MISSING,string
your_facebook_activity/posts/your_posts__check_ins__photos_and_videos_1.json,"{'timestamp': 'number', 'data': [{}], 'title': 'string'}",your_facebook_activity,posts,Missing,Missing,your_posts__check_ins__photos_and_videos_1.json,timestamp,Missing,NO LIST,Missing,MISSING,Missing,MISSING,Missing,MISSING,Missing,MISSING,Missing,MISSING,Missing,MISSING,Missing,MISSING,number
your_facebook_activity/posts/your_posts__check_ins__photos_and_videos_1.json,"{'timestamp': 'number', 'data': [{}], 'title': 'string'}",your_facebook_activity,posts,Missing,Missing,your_posts__check_ins__photos_and_videos_1.json,data,Missing,LIST,Missing,MISSING,Missing,MISSING,Missing,MISSING,Missing,MISSING,Missing,MISSING,Missing,MISSING,Missing,MISSING,
your_facebook_activity/posts/your_posts__check_ins__photos_and_videos_1.json,"{'timestamp': 'number', 'data': [{}], 'title': 'string'}",your_facebook_activity,posts,Missing,Missing,your_posts__check_ins__photos_and_videos_1.json,title,Missing,NO LIST,Missing,MISSING,Missing,MISSING,Missing,MISSING,Missing,MISSING,Missing,MISSING,Missing,MISSING,Missing,MISSING,string
security_and_login_information/login_protection_data.json,"{'login_protection_data_v2': [{'name': 'string', 'session': {'created_timestamp': 'number', 'updated_timestamp': 'number'}}]}",security_and_login_information,Missing,Missing,Missing,login_protection_data.json,login_protection_data_v2,name,LIST,Missing,NO LIST,Missing,MISSING,Missing,MISSING,Missing,MISSING,Missing,MISSING,Missing,MISSING,Missing,MISSING,string
security_and_login_information/login_protection_data.json,"{'login_protection_data_v2': [{'name': 'string', 'session': {'created_timestamp': 'number', 'updated_timestamp': 'number'}}]}",security_and_login_information,Missing,Missing,Missing,login_protection_data.json,login_protection_data_v2,session,LIST,created_timestamp,NO LIST,Missing,NO LIST,Missing,MISSING,Missing,MISSING,Missing,MISSING,Missing,MISSING,Missing,MISSING,number
security_and_login_information/login_protection_data.json,"{'login_protection_data_v2': [{'name': 'string', 'session': {'created_timestamp': 'number', 'updated_timestamp': 'number'}}]}",security_and_login_information,Missing,Missing,Missing,login_protection_data.json,login_protection_data_v2,session,LIST,updated_timestamp,NO LIST,Missing,NO LIST,Missing,MISSING,Missing,MISSING,Missing,MISSING,Missing,MISSING,Missing,MISSING,number
preferences/preferences/notification_settings.json,"{'media': 'array', 'label_values': [{'label': 'string', 'vec': [{'dict': [{'label': 'string', 'value': 'string'}]}]}], 'fbid': 'string'}",preferences,preferences,Missing,Missing,notification_settings.json,media,Missing,NO LIST,Missing,MISSING,Missing,MISSING,Missing,MISSING,Missing,MISSING,Missing,MISSING,Missing,MISSING,Missing,MISSING,array
preferences/preferences/notification_settings.json,"{'media': 'array', 'label_values': [{'label': 'string', 'vec': [{'dict': [{'label': 'string', 'value': 'string'}]}]}], 'fbid': 'string'}",preferences,preferences,Missing,Missing,notification_settings.json,label_values,label,LIST,Missing,NO LIST,Missing,MISSING,Missing,MISSING,Missing,MISSING,Missing,MISSING,Missing,MISSING,Missing,MISSING,string
preferences/preferences/notification_settings.json,"{'media': 'array', 'label_values': [{'label': 'string', 'vec': [{'dict': [{'label': 'string', 'value': 'string'}]}]}], 'fbid': 'string'}",preferences,preferences,Missing,Missing,notification_settings.json,label_values,vec,LIST,Missing,LIST,label,LIST,Missing,NO LIST,Missing,MISSING,Missing,MISSING,Missing,MISSING,Missing,MISSING,string
preferences/preferences/notification_settings.json,"{'media': 'array', 'label_values': [{'label': 'string', 'vec': [{'dict': [{'label': 'string', 'value': 'string'}]}]}], 'fbid': 'string'}",preferences,preferences,Missing,Missing,notification_settings.json,label_values,vec,LIST,Missing,LIST,value,LIST,Missing,NO LIST,Missing,MISSING,Missing,MISSING,Missing,MISSING,Missing,MISSING,string
preferences/preferences/notification_settings.json,"{'media': 'array', 'label_values': [{'label': 'string', 'vec': [{'dict': [{'label': 'string', 'value': 'string'}]}]}], 'fbid': 'string'}",preferences,preferences,Missing,Missing,notification_settings.json,fbid,Missing,NO LIST,Missing,MISSING,Missing,MISSING,Missing,MISSING,Missing,MISSING,Missing,MISSING,Missing,MISSING,Missing,MISSING,string
logged_information/interactions/recently_visited.json,"{'visited_things_v2': [{'name': 'string', 'description': 'string', 'entries': [{'timestamp': 'number', 'data': {'name': 'string', 'uri': 'string'}}]}]}",logged_information,interactions,Missing,Missing,recently_visited.json,visited_things_v2,name,LIST,Missing,NO LIST,Missing,MISSING,Missing,MISSING,Missing,MISSING,Missing,MISSING,Missing,MISSING,Missing,MISSING,string
logged_information/interactions/recently_visited.json,"{'visited_things_v2': [{'name': 'string', 'description': 'string', 'entries': [{'timestamp': 'number', 'data': {'name': 'string', 'uri': 'string'}}]}]}",logged_information,interactions,Missing,Missing,recently_visited.json,visited_things_v2,description,LIST,Missing,NO LIST,Missing,MISSING,Missing,MISSING,Missing,MISSING,Missing,MISSING,Missing,MISSING,Missing,MISSING,string
logged_information/interactions/recently_visited.json,"{'visited_things_v2': [{'name': 'string', 'description': 'string', 'entries': [{'timestamp': 'number', 'data': {'name': 'string', 'uri': 'string'}}]}]}",logged_information,interactions,Missing,Missing,recently_visited.json,visited_things_v2,entries,LIST,timestamp,LIST,Missing,NO LIST,Missing,MISSING,Missing,MISSING,Missing,MISSING,Missing,MISSING,Missing,MISSING,number
logged_information/interactions/recently_visited.json,"{'visited_things_v2': [{'name': 'string', 'description': 'string', 'entries': [{'timestamp': 'number', 'data': {'name': 'string', 'uri': 'string'}}]}]}",logged_information,interactions,Missing,Missing,recently_visited.json,visited_things_v2,entries,LIST,data,LIST,name,NO LIST,Missing,NO LIST,Missing,MISSING,Missing,MISSING,Missing,MISSING,Missing,MISSING,string
logged_information/interactions/recently_visited.json,"{'visited_things_v2': [{'name': 'string', 'description': 'string', 'entries': [{'timestamp': 'number', 'data': {'name': 'string', 'uri': 'string'}}]}]}",logged_information,interactions,Missing,Missing,recently_visited.json,visited_things_v2,entries,LIST,data,LIST,uri,NO LIST,Missing,NO LIST,Missing,MISSING,Missing,MISSING,Missing,MISSING,Missing,MISSING,string
apps_and_websites_off_of_facebook/your_activity_off_meta_technologies.json,"{'off_facebook_activity_v2': [{'name': 'string', 'events': [{'id': 'number', 'type': 'string', 'timestamp': 'number'}]}]}",apps_and_websites_off_of_facebook,Missing,Missing,Missing,your_activity_off_meta_technologies.json,off_facebook_activity_v2,name,LIST,Missing,NO LIST,Missing,MISSING,Missing,MISSING,Missing,MISSING,Missing,MISSING,Missing,MISSING,Missing,MISSING,string
apps_and_websites_off_of_facebook/your_activity_off_meta_technologies.json,"{'off_facebook_activity_v2': [{'name': 'string', 'events': [{'id': 'number', 'type': 'string', 'timestamp': 'number'}]}]}",apps_and_websites_off_of_facebook,Missing,Missing,Missing,your_activity_off_meta_technologies.json,off_facebook_activity_v2,events,LIST,id,LIST,Missing,NO LIST,Missing,MISSING,Missing,MISSING,Missing,MISSING,Missing,MISSING,Missing,MISSING,number
apps_and_websites_off_of_facebook/your_activity_off_meta_technologies.json,"{'off_facebook_activity_v2': [{'name': 'string', 'events': [{'id': 'number', 'type': 'string', 'timestamp': 'number'}]}]}",apps_and_websites_off_of_facebook,Missing,Missing,Missing,your_activity_off_meta_technologies.json,off_facebook_activity_v2,events,LIST,type,LIST,Missing,NO LIST,Missing,MISSING,Missing,MISSING,Missing,MISSING,Missing,MISSING,Missing,MISSING,string
apps_and_websites_off_of_facebook/your_activity_off_meta_technologies.json,"{'off_facebook_activity_v2': [{'name': 'string', 'events': [{'id': 'number', 'type': 'string', 'timestamp': 'number'}]}]}",apps_and_websites_off_of_facebook,Missing,Missing,Missing,your_activity_off_meta_technologies.json,off_facebook_activity_v2,events,LIST,timestamp,LIST,Missing,NO LIST,Missing,MISSING,Missing,MISSING,Missing,MISSING,Missing,MISSING,Missing,MISSING,number
personal_information/profile_information/synced_contacts_from_instagram.json,"{'media': 'array', 'label_values': [{'label': 'string', 'vec': [{'dict': [{'label': 'string', 'value': 'string'}]}]}], 'fbid': 'string'}",personal_information,profile_information,Missing,Missing,synced_contacts_from_instagram.json,media,Missing,NO LIST,Missing,MISSING,Missing,MISSING,Missing,MISSING,Missing,MISSING,Missing,MISSING,Missing,MISSING,Missing,MISSING,array
personal_information/profile_information/synced_contacts_from_instagram.json,"{'media': 'array', 'label_values': [{'label': 'string', 'vec': [{'dict': [{'label': 'string', 'value': 'string'}]}]}], 'fbid': 'string'}",personal_information,profile_information,Missing,Missing,synced_contacts_from_instagram.json,label_values,label,LIST,Missing,NO LIST,Missing,MISSING,Missing,MISSING,Missing,MISSING,Missing,MISSING,Missing,MISSING,Missing,MISSING,string
personal_information/profile_information/synced_contacts_from_instagram.json,"{'media': 'array', 'label_values': [{'label': 'string', 'vec': [{'dict': [{'label': 'string', 'value': 'string'}]}]}], 'fbid': 'string'}",personal_information,profile_information,Missing,Missing,synced_contacts_from_instagram.json,label_values,vec,LIST,Missing,LIST,label,LIST,Missing,NO LIST,Missing,MISSING,Missing,MISSING,Missing,MISSING,Missing,MISSING,string
personal_information/profile_information/synced_contacts_from_instagram.json,"{'media': 'array', 'label_values': [{'label': 'string', 'vec': [{'dict': [{'label': 'string', 'value': 'string'}]}]}], 'fbid': 'string'}",personal_information,profile_information,Missing,Missing,synced_contacts_from_instagram.json,label_values,vec,LIST,Missing,LIST,value,LIST,Missing,NO LIST,Missing,MISSING,Missing,MISSING,Missing,MISSING,Missing,MISSING,string
personal_information/profile_information/synced_contacts_from_instagram.json,"{'media': 'array', 'label_values': [{'label': 'string', 'vec': [{'dict': [{'label': 'string', 'value': 'string'}]}]}], 'fbid': 'string'}",personal_information,profile_information,Missing,Missing,synced_contacts_from_instagram.json,fbid,Missing,NO LIST,Missing,MISSING,Missing,MISSING,Missing,MISSING,Missing,MISSING,Missing,MISSING,Missing,MISSING,Missing,MISSING,string
security_and_login_information/account_activity.json,"{'account_activity_v2': [{'action': 'string', 'timestamp': 'number', 'ip_address': 'string', 'user_agent': 'string', 'city': 'string', 'region': 'string', 'country': 'string', 'site_name': 'string', 'port': 'number'}]}",security_and_login_information,Missing,Missing,Missing,account_activity.json,account_activity_v2,action,LIST,Missing,NO LIST,Missing,MISSING,Missing,MISSING,Missing,MISSING,Missing,MISSING,Missing,MISSING,Missing,MISSING,string
security_and_login_information/account_activity.json,"{'account_activity_v2': [{'action': 'string', 'timestamp': 'number', 'ip_address': 'string', 'user_agent': 'string', 'city': 'string', 'region': 'string', 'country': 'string', 'site_name': 'string', 'port': 'number'}]}",security_and_login_information,Missing,Missing,Missing,account_activity.json,account_activity_v2,timestamp,LIST,Missing,NO LIST,Missing,MISSING,Missing,MISSING,Missing,MISSING,Missing,MISSING,Missing,MISSING,Missing,MISSING,number
security_and_login_information/account_activity.json,"{'account_activity_v2': [{'action': 'string', 'timestamp': 'number', 'ip_address': 'string', 'user_agent': 'string', 'city': 'string', 'region': 'string', 'country': 'string', 'site_name': 'string', 'port': 'number'}]}",security_and_login_information,Missing,Missing,Missing,account_activity.json,account_activity_v2,ip_address,LIST,Missing,NO LIST,Missing,MISSING,Missing,MISSING,Missing,MISSING,Missing,MISSING,Missing,MISSING,Missing,MISSING,string
security_and_login_information/account_activity.json,"{'account_activity_v2': [{'action': 'string', 'timestamp': 'number', 'ip_address': 'string', 'user_agent': 'string', 'city': 'string', 'region': 'string', 'country': 'string', 'site_name': 'string', 'port': 'number'}]}",security_and_login_information,Missing,Missing,Missing,account_activity.json,account_activity_v2,user_agent,LIST,Missing,NO LIST,Missing,MISSING,Missing,MISSING,Missing,MISSING,Missing,MISSING,Missing,MISSING,Missing,MISSING,string
security_and_login_information/account_activity.json,"{'account_activity_v2': [{'action': 'string', 'timestamp': 'number', 'ip_address': 'string', 'user_agent': 'string', 'city': 'string', 'region': 'string', 'country': 'string', 'site_name': 'string', 'port': 'number'}]}",security_and_login_information,Missing,Missing,Missing,account_activity.json,account_activity_v2,city,LIST,Missing,NO LIST,Missing,MISSING,Missing,MISSING,Missing,MISSING,Missing,MISSING,Missing,MISSING,Missing,MISSING,string
security_and_login_information/account_activity.json,"{'account_activity_v2': [{'action': 'string', 'timestamp': 'number', 'ip_address': 'string', 'user_agent': 'string', 'city': 'string', 'region': 'string', 'country': 'string', 'site_name': 'string', 'port': 'number'}]}",security_and_login_information,Missing,Missing,Missing,account_activity.json,account_activity_v2,region,LIST,Missing,NO LIST,Missing,MISSING,Missing,MISSING,Missing,MISSING,Missing,MISSING,Missing,MISSING,Missing,MISSING,string
security_and_login_information/account_activity.json,"{'account_activity_v2': [{'action': 'string', 'timestamp': 'number', 'ip_address': 'string', 'user_agent': 'string', 'city': 'string', 'region': 'string', 'country': 'string', 'site_name': 'string', 'port': 'number'}]}",security_and_login_information,Missing,Missing,Missing,account_activity.json,account_activity_v2,country,LIST,Missing,NO LIST,Missing,MISSING,Missing,MISSING,Missing,MISSING,Missing,MISSING,Missing,MISSING,Missing,MISSING,string
security_and_login_information/account_activity.json,"{'account_activity_v2': [{'action': 'string', 'timestamp': 'number', 'ip_address': 'string', 'user_agent': 'string', 'city': 'string', 'region': 'string', 'country': 'string', 'site_name': 'string', 'port': 'number'}]}",security_and_login_information,Missing,Missing,Missing,account_activity.json,account_activity_v2,site_name,LIST,Missing,NO LIST,Missing,MISSING,Missing,MISSING,Missing,MISSING,Missing,MISSING,Missing,MISSING,Missing,MISSING,string
security_and_login_information/account_activity.json,"{'account_activity_v2': [{'action': 'string', 'timestamp': 'number', 'ip_address': 'string', 'user_agent': 'string', 'city': 'string', 'region': 'string', 'country': 'string', 'site_name': 'string', 'port': 'number'}]}",security_and_login_information,Missing,Missing,Missing,account_activity.json,account_activity_v2,port,LIST,Missing,NO LIST,Missing,MISSING,Missing,MISSING,Missing,MISSING,Missing,MISSING,Missing,MISSING,Missing,MISSING,number
ads_information/advertisers_using_your_activity_or_information.json,"{'media': 'array', 'label_values': [{'label': 'string', 'vec': [{'value': 'string'}]}], 'fbid': 'string'}",ads_information,Missing,Missing,Missing,advertisers_using_your_activity_or_information.json,media,Missing,NO LIST,Missing,MISSING,Missing,MISSING,Missing,MISSING,Missing,MISSING,Missing,MISSING,Missing,MISSING,Missing,MISSING,array
ads_information/advertisers_using_your_activity_or_information.json,"{'media': 'array', 'label_values': [{'label': 'string', 'vec': [{'value': 'string'}]}], 'fbid': 'string'}",ads_information,Missing,Missing,Missing,advertisers_using_your_activity_or_information.json,label_values,label,LIST,Missing,NO LIST,Missing,MISSING,Missing,MISSING,Missing,MISSING,Missing,MISSING,Missing,MISSING,Missing,MISSING,string
ads_information/advertisers_using_your_activity_or_information.json,"{'media': 'array', 'label_values': [{'label': 'string', 'vec': [{'value': 'string'}]}], 'fbid': 'string'}",ads_information,Missing,Missing,Missing,advertisers_using_your_activity_or_information.json,label_values,vec,LIST,value,LIST,Missing,NO LIST,Missing,MISSING,Missing,MISSING,Missing,MISSING,Missing,MISSING,Missing,MISSING,string
ads_information/advertisers_using_your_activity_or_information.json,"{'media': 'array', 'label_values': [{'label': 'string', 'vec': [{'value': 'string'}]}], 'fbid': 'string'}",ads_information,Missing,Missing,Missing,advertisers_using_your_activity_or_information.json,fbid,Missing,NO LIST,Missing,MISSING,Missing,MISSING,Missing,MISSING,Missing,MISSING,Missing,MISSING,Missing,MISSING,Missing,MISSING,string
